Timestamp;js_gxf;js_gxr;js_gyf;js_gyr;js_gzf;js_gzr
0;425;449;-878;-933;438;500
1127;449;462;-770;-711;400;368
2080;251;228;-519;-86;78;23
3079;-67;-129;148;592;-311;-367
4080;-339;-402;769;1008;-573;-602
5078;-422;-433;1049;966;-564;-546
6075;-276;-218;847;486;-272;-211
7075;31;116;257;-202;169;244
8076;352;401;-431;-764;549;599
9076;521;505;-875;-922;687;683
10078;440;383;-852;-589;520;465
11095;141;88;-368;85;136;63
12199;-226;-391;685;781;-276;-328
13078;-481;-486;955;1161;-514;-521
14078;-506;-499;1162;1035;-455;-420
15080;-300;-280;867;460;-127;-68
16080;39;81;208;-280;299;357
17075;368;421;-494;-821;598;629
18076;539;570;-900;-905;610;595
19078;473;452;-816;-503;323;265
20078;196;127;-293;171;-116;-193
21075;-160;-232;400;777;-491;-543
22089;-424;-452;907;1001;-619;-615
23079;-471;-439;956;713;-447;-389
24079;-276;-214;502;33;-76;0
25075;70;122;-244;-721;305;353
26076;403;423;-929;-1187;520;518
27078;559;552;-1222;-1137;481;441
28079;462;440;-984;-594;217;168
29075;163;128;-334;171;-144;-181
30076;-190;-235;408;781;-434;-454
31078;-429;-465;883;938;-512;-513
32090;-436;-436;861;569;-336;-311
33079;-207;-158;353;-132;15;68
34078;153;228;-377;-801;371;430
35079;473;525;-946;-1080;548;576
36078;591;585;-1043;-812;449;417
37080;444;385;-607;-126;114;35
38078;103;32;144;637;-291;-368
39080;-256;-297;845;1114;-567;-592
40078;-447;-442;1167;1094;-576;-536
41080;-369;-331;970;600;-307;-234
42088;-66;-17;356;-126;115;176
43078;302;343;-371;-734;486;509
44079;550;571;-853;-917;617;605
45080;560;551;-845;-578;433;396
46079;348;308;-354;113;22;-29
47080;37;-17;367;799;-399;-455
48078;-218;-256;951;1127;-617;-648
49080;-302;-299;1108;937;-524;-501
50078;-174;-131;764;331;-168;-92
51080;111;168;84;-399;283;370
52078;421;459;-613;-917;618;659
53092;594;596;-1003;-989;682;652
54079;535;506;-904;-591;453;378
55078;277;232;-374;74;54;-14
56075;-39;-80;312;674;-311;-338
57075;-251;-272;805;904;-470;-453
58077;-257;-245;859;648;-362;-324
59077;-53;-11;453;34;-55;-17
60078;272;326;-207;-632;297;329
61078;573;611;-802;-1024;528;551
62080;696;700;-1043;-950;529;529
63090;567;532;-811;-442;294;258
64078;247;188;-206;267;-75;-140
65079;-92;-143;497;851;-411;-469
66080;-273;-287;967;1028;-544;-556
67078;-204;-171;965;699;-397;-347
68080;80;142;481;14;-29;52
69078;452;508;-246;-682;383;447
70080;742;765;-847;-1032;634;644
71078;813;797;-1019;-861;592;548
72080;629;587;-686;-267;272;206
73096;285;235;-24;449;-163;-218
74090;-46;-84;654;955;-502;-526
75075;-210;-220;1035;1025;-584;-574
76076;-139;-115;944;636;-372;-331
77078;127;177;424;-28;31;90
78078;468;520;-272;-653;430;484
79079;717;745;-807;-941;631;652
80078;736;722;-925;-758;542;512
81075;501;449;-589;-211;216;145
82076;134;70;15;413;-181;-252
83078;-165;-206;576;791;-455;-482
84078;-247;-238;804;714;-472;-441
85089;-81;-29;565;192;-223;-157
86076;231;294;-52;-535;166;226
87077;536;571;-760;-1114;492;518
88079;692;685;-1207;-1243;576;561
89079;632;597;-1152;-839;361;315
90075;386;345;-602;-86;-58;-118
91076;62;31;187;657;-486;-539
92078;-192;-211;838;1033;-717;-739
93078;-251;-255;1032;859;-645;-620
94075;-70;-47;675;221;-314;-248
95076;285;338;-50;-555;113;187
96090;652;715;-777;-1077;436;474
97079;855;887;-1133;-1077;497;477
98079;800;772;-942;-559;262;197
99075;531;457;-305;211;-160;-232
100080;195;126;456;848;-556;-598
101079;-38;-54;969;1046;-718;-714
102078;-61;-20;988;718;-562;-517
103079;129;189;511;36;-170;-104
104078;429;466;-222;-672;267;324
105080;675;678;-861;-1073;548;571
106079;733;716;-1103;-987;550;529
107088;564;541;-842;-462;280;224
108078;246;215;-216;241;-129;-194
109079;-65;-104;466;785;-480;-522
110080;-222;-250;876;903;-596;-593
111078;-150;-139;816;536;-416;-368
112080;114;171;317;-136;-25;44
113078;447;518;-373;-774;380;436
114080;698;734;-910;-1052;601;614
115078;752;728;-1017;-819;527;491
116075;575;513;-631;-182;196;130
117123;241;183;442;555;-234;-297
118076;-89;-113;759;1034;-558;-587
119077;-247;-238;1084;1011;-613;-596
120078;-151;-122;874;482;-371;-317
121078;149;186;219;-298;42;108
122080;502;542;-553;-942;416;462
123078;737;767;-1062;-1132;565;568
124080;744;743;-1063;-789;426;383
125078;523;480;-576;-102;83;16
126075;183;116;145;582;-279;-333
127075;-103;-152;750;938;-474;-483
128115;-186;-180;857;802;-399;-361
129079;-6;52;649;245;-91;-27
130079;360;436;-4;-475;304;359
131080;732;778;-710;-1037;606;629
132078;916;911;-1145;-1183;672;657
133080;822;777;-1110;-845;457;413
134078;505;449;-625;-178;46;-10
135080;121;78;77;494;-367;-418
136079;-159;-176;653;834;-577;-599
137080;-223;-214;816;666;-483;-456
138088;-60;-29;494;91;-145;-76
139078;232;275;-134;-575;260;334
140079;504;542;-738;-980;543;574
141080;630;642;-1005;-917;565;535
142078;558;532;-791;-410;298;228
143080;312;261;-179;311;-151;-221
144078;-5;-54;555;924;-570;-608
145080;-245;-268;1065;1142;-738;-733
146079;-278;-263;1099;855;-569;-527
147075;-81;-37;640;190;-157;-93
148076;228;280;-87;-537;288;349
149090;482;514;-735;-977;561;589
150076;548;541;-999;-918;543;520
151076;389;347;-768;-405;257;192
152079;65;9;-171;291;-147;-218
153079;-289;-333;488;808;-464;-500
154075;-517;-531;874;876;-536;-517
155076;-503;-484;777;449;-332;-273
156078;-249;-203;225;-275;42;106
157079;117;172;-528;-954;397;434
158075;410;447;-1114;-1250;547;543
159088;480;479;-1224;-998;402;363
160079;301;255;-789;-313;22;-35
161079;-28;-94;-29;463;-404;-460
162075;-337;-383;675;946;-669;-697
163076;-460;-457;987;913;-650;-632
164078;-329;-281;775;403;-364;-303
165077;-11;51;166;-313;51;124
166079;324;366;-533;-879;407;450
167078;498;499;-977;-1015;534;525
168079;415;379;-939;-647;368;315
169078;120;67;-429;48;-9;-76
170090;-238;-284;305;736;-404;-452
171078;-489;-509;908;1087;-607;-614
172079;-513;-499;1089;934;-502;-466
173080;-302;-260;766;356;-134;-70
174078;46;101;101;-367;322;387
175080;378;420;-583;-884;645;680
176079;544;553;-952;-934;671;655
177080;468;439;-819;-488;380;317
178078;190;135;-250;233;-90;-171
179080;-150;-202;470;859;-514;-570
180092;-386;-409;976;1070;-683;-683
181077;-406;-387;1012;760;-521;-465
182078;-201;-153;558;86;-126;-48
183079;131;183;-165;-624;293;349
184078;432;464;-808;-1029;533;540
185080;551;550;-1059;-943;488;448
186079;421;387;-805;-420;178;118
187080;105;53;-178;283;-255;-309
188078;-235;-283;509;828;-608;-638
189080;-440;-459;925;948;-692;-689
190093;-425;-404;860;572;-451;-410
191077;-211;-161;337;-133;0;72
192078;97;147;-396;-828;447;517
193079;355;380;-988;-1169;684;710
194078;437;427;-1152;-991;613;574
195080;296;259;-810;-377;269;187
196079;0;-46;-118;381;-182;-257
197080;-305;-342;602;927;-519;-545
198078;-466;-478;1008;996;-565;-533
199080;-403;-382;895;556;-303;-238
200078;-142;-94;324;-162;117;179
201088;200;254;-401;-781;470;502
202078;472;504;-900;-977;578;569
203079;538;531;-912;-644;396;352
204080;348;303;-424;62;16;-43
205078;-18;-80;336;812;-378;-429
206075;-377;-426;1012;1252;-601;-619
207075;-536;-545;1282;1171;-545;-520
208076;-411;-371;1014;605;-240;-179
209076;-75;-6;338;-172;173;239
210078;284;342;-417;-778;510;547
211089;470;481;-875;-906;612;602
212079;374;331;-808;-490;420;370
213078;37;-34;-253;247;26;-39
214075;-376;-436;493;912;-363;-413
215076;-661;-679;1038;1149;-541;-549
216079;-677;-650;1089;822;-414;-373
217079;-415;-359;599;75;-57;12
218075;6;65;-214;-743;340;402
219076;389;429;-968;-1249;578;596
220078;548;554;-1303;-1209;535;500
221089;408;375;-1066;-656;227;160
222079;40;-23;-388;130;-202;-265
223079;-381;-446;389;771;-551;-582
224075;-656;-686;898;970;-655;-643
225076;-656;-632;908;643;-460;-414
226078;-391;-326;424;-44;-52;8
227079;-9;58;-304;-744;376;430
228075;290;321;-908;-1094;615;637
229076;373;353;-1079;-912;546;521
230078;226;174;-729;-291;213;146
231093;-64;-112;338;457;-215;-289
232077;-362;-384;669;977;-533;-572
233077;-528;-526;1054;1038;-596;-576
234078;-480;-462;950;630;-377;-312
235078;-230;-201;419;-34;21;90
236075;99;140;-266;-627;400;438
237075;341;379;-760;-853;559;553
238076;372;379;-814;-597;408;365
239076;177;135;-402;21;31;-28
240078;-145;-216;275;707;-375;-428
241094;-436;-489;1078;1124;-612;-633
242091;-550;-546;1144;1053;-575;-552
243075;-423;-366;894;506;-287;-227
244075;-107;-38;243;-265;127;193
245077;246;285;-797;-883;482;522
246077;463;459;-982;-1035;594;588
247079;435;404;-949;-645;388;338
248078;181;143;-420;84;-41;-114
249080;-166;-202;335;777;-472;-532
250078;-435;-462;931;1086;-675;-689
251080;-491;-497;1069;861;-553;-509
252078;-296;-266;334;214;-172;-92
253090;72;136;-444;-551;284;354
254075;450;515;-786;-1087;604;628
255075;655;679;-1171;-1141;634;604
256078;583;546;-1024;-677;354;291
257078;270;192;-410;100;-94;-159
258079;-117;-185;383;819;-476;-515
259078;-370;-386;972;1122;-590;-586
260080;-355;-314;1074;863;-385;-338
261078;-88;-22;657;194;26;97
262080;281;332;-50;-518;440;500
263088;566;580;-858;-903;663;678
264078;640;621;-831;-773;588;550
265079;486;452;-626;-196;243;172
266080;179;143;433;551;-215;-282
267078;-147;-180;788;1119;-561;-592
268080;-351;-373;1251;1225;-616;-598
269078;-333;-329;1131;797;-350;-292
270080;-95;-55;135;25;96;168
271078;248;311;-267;-717;502;553
272080;519;568;-1036;-1070;675;678
273091;570;566;-925;-878;546;501
274078;367;307;-379;-267;194;125
275079;15;-62;-29;431;-206;-262
276080;-299;-343;806;860;-470;-485
277079;-414;-396;889;800;-473;-446
278075;-269;-210;668;274;-210;-157
279076;58;117;35;-464;194;250
280078;405;434;-986;-1053;544;581
281078;598;594;-1165;-1196;657;659
282075;544;520;-1118;-812;458;417
283090;274;239;-193;-79;36;-35
284079;-78;-119;560;654;-395;-464
285079;-351;-386;841;1047;-618;-641
286075;-425;-434;1055;924;-522;-480
287076;-267;-234;761;363;-163;-79
288078;67;132;-234;-345;278;353
289079;433;494;-546;-838;584;605
290075;648;668;-892;-857;600;562
291076;593;558;-735;-379;312;243
292078;291;221;241;365;-130;-191
293089;-106;-170;926;1013;-492;-520
294079;-400;-423;1238;1244;-588;-577
295079;-449;-425;1195;944;-383;-339
296075;-239;-186;737;261;10;70
297080;117;169;-7;-481;403;455
298079;441;471;-903;-943;615;632
299078;579;579;-996;-922;547;519
300080;471;443;-531;-440;236;172
301078;176;129;-198;265;-168;-234
302080;-160;-206;767;838;-471;-503
303224;-368;-371;976;977;-530;-512
304075;-306;-287;679;604;-313;-257
305075;-9;49;381;-85;84;148
306077;376;446;-629;-728;483;526
307077;644;681;-854;-986;692;699
308079;653;630;-797;-726;606;576
309078;406;335;-538;-75;266;209
310080;32;-39;543;654;-159;-220
311078;-286;-314;858;1122;-466;-502
312080;-404;-382;1160;1119;-514;-504
313090;-278;-230;739;644;-290;-234
314089;34;77;2;-101;96;167
315075;389;416;-719;-796;453;500
316076;623;637;-967;-1120;597;594
317077;623;621;-967;-923;448;398
318077;394;365;-729;-317;75;7
319079;55;0;259;369;-339;-391
320078;-221;-274;534;776;-599;-614
321080;-305;-315;729;695;-585;-559
322078;-163;-115;554;168;-309;-256
323080;128;203;-417;-542;90;147
324090;430;479;-1011;-1078;409;445
325078;599;592;-1182;-1157;486;481
326079;556;509;-1064;-723;288;241
327080;323;275;-97;22;-80;-147
328078;8;-16;295;728;-437;-488
329080;-240;-245;1045;1062;-603;-608
330078;-305;-303;1054;878;-481;-437
331080;-151;-139;381;280;-114;-44
332078;148;182;23;-432;317;377
333080;445;496;-855;-911;592;613
334089;591;625;-948;-928;573;545
335078;509;490;-567;-478;283;221
336079;234;163;-249;218;-130;-194
337080;-104;-179;741;823;-474;-509
338078;-336;-360;943;1032;-594;-585
339080;-333;-292;801;729;-441;-397
340078;-95;-22;519;49;-93;-36
341080;249;302;-577;-681;282;326
342078;514;521;-871;-1102;503;518
343075;569;540;-1046;-1004;460;438
344096;395;357;-550;-444;170;117
345078;83;52;172;288;-227;-289
346079;-217;-240;505;827;-527;-566
347075;-356;-370;917;899;-567;-557
348076;-256;-247;797;464;-314;-255
349078;45;90;-147;-268;113;192
350078;411;478;-522;-935;514;568
351075;672;719;-1186;-1200;688;688
352076;705;694;-1157;-923;539;486
353078;490;424;-356;-237;126;50
354078;127;49;37;529;-348;-410
355093;-203;-241;964;1013;-645;-665
356079;-329;-310;1020;985;-620;-591
357079;-185;-130;847;464;-304;-240
358075;150;205;-162;-280;132;199
359076;508;538;-512;-864;474;511
360078;710;713;-991;-983;565;553
361078;659;641;-889;-574;359;305
362079;381;344;30;156;-49;-117
363078;8;-41;408;837;-455;-505
364079;-279;-321;1113;1130;-648;-656
365090;-340;-345;958;889;-534;-495
366079;-136;-90;343;224;-184;-116
367079;240;317;-440;-551;227;288
368080;606;667;-1023;-1075;507;530
369078;771;775;-1140;-1112;528;503
370080;641;586;-757;-667;276;218
371078;280;201;-77;31;-131;-192
372080;-129;-184;573;650;-493;-531
373078;-391;-397;891;902;-633;-632
374080;-396;-361;727;669;-489;-450
375090;-169;-121;153;50;-132;-72
376079;158;195;-562;-664;274;330
377078;431;448;-1066;-1118;544;569
378080;536;535;-1103;-1076;542;523
379078;436;419;-656;-558;264;207
380080;173;137;45;167;-145;-213
381078;-145;-190;651;729;-471;-513
382080;-365;-398;859;850;-547;-537
383078;-361;-356;564;473;-345;-288
384080;-120;-68;-92;-213;32;104
385091;240;313;-786;-874;411;456
386079;537;584;-1172;-1187;608;607
387079;623;612;-1056;-995;518;479
388080;460;398;-488;-383;167;109
389078;126;58;262;364;-288;-343
390080;-209;-244;841;899;-625;-659
391078;-371;-361;982;969;-679;-675
392080;-273;-234;628;547;-430;-381
393078;26;71;-34;-147;-11;64
394080;367;403;-671;-760;368;428
395092;581;598;-962;-976;526;531
396092;574;565;-752;-679;392;338
397079;355;318;-127;-4;33;-45
398078;27;-25;614;723;-380;-436
399080;-258;-300;1104;1143;-639;-646
400078;-366;-370;1088;1040;-598;-561
401080;-249;-211;563;453;-267;-208
402078;26;85;-216;-336;190;248
403080;323;367;-878;-949;544;580
404078;495;499;-1109;-1101;621;617
405080;446;413;-816;-734;390;343
406079;181;132;-159;-44;-25;-98
407093;-177;-221;526;618;-422;-482
408078;-442;-466;899;921;-605;-616
409079;-466;-459;773;714;-482;-433
410075;-232;-190;209;98;-102;-22
411076;142;204;-512;-620;356;423
412078;476;527;-1025;-1076;666;686
413078;618;625;-1059;-1025;668;636
414075;507;464;-580;-475;360;296
415076;189;121;187;312;-98;-164
416078;-186;-239;870;953;-477;-516
417092;-432;-445;1140;1140;-596;-591
418078;-423;-394;874;791;-404;-357
419079;-167;-115;210;87;4;73
420079;201;252;-528;-628;439;498
421075;501;530;-986;-1015;692;712
422076;598;594;-941;-889;630;598
423078;454;420;-418;-313;270;200
424079;138;87;314;423;-220;-296
425075;-200;-246;882;943;-606;-649
426076;-390;-408;984;965;-705;-693
427091;-329;-305;550;454;-484;-424
428078;-46;11;-221;-351;-67;8
429078;314;375;-963;-1063;341;390
430079;569;598;-1324;-1340;544;545
431078;589;568;-1138;-1062;449;406
432080;357;298;-507;-380;105;43
433078;-22;-85;256;366;-311;-364
434080;-366;-402;786;826;-590;-613
435078;-498;-492;840;797;-594;-576
436075;-348;-306;408;310;-324;-271
437090;8;66;-288;-391;89;154
438078;394;444;-902;-966;449;495
439079;630;649;-1126;-1125;578;579
440080;616;595;-837;-769;407;360
441078;364;312;-157;-45;13;-59
442080;-12;-70;602;709;-414;-474
443078;-337;-374;1084;1134;-667;-684
444080;-448;-446;1062;1023;-625;-590
445078;-285;-243;554;441;-306;-239
446075;64;126;-190;-317;142;207
447091;414;465;-813;-885;509;544
448078;583;592;-1011;-991;620;611
449079;482;443;-683;-587;430;384
450080;158;92;8;126;52;-10
451078;-237;-295;705;788;-318;-367
452080;-512;-533;1041;1052;-503;-513
453078;-528;-504;834;768;-419;-384
454080;-278;-224;178;62;-104;-42
455078;111;169;-615;-729;289;347
456075;459;496;-1165;-1221;554;579
457075;612;613;-1197;-1163;533;510
458091;502;468;-688;-577;229;167
459075;177;124;114;249;-198;-269
460075;-206;-259;829;917;-535;-576
461077;-460;-487;1125;1121;-625;-613
462077;-460;-445;877;788;-430;-373
463078;-219;-165;210;86;-37;31
464078;133;196;-557;-654;373;420
465080;423;459;-1051;-1081;599;606
466079;508;497;-1022;-977;522;489
467080;336;285;-477;-376;171;113
468088;-15;-75;313;429;-282;-345
469078;-364;-405;954;1033;-619;-659
470079;-532;-535;1130;1126;-664;-657
471080;-442;-408;757;664;-377;-317
472078;-154;-101;22;-115;111;198
473080;186;232;-714;-820;559;625
474079;417;436;-1096;-1111;737;741
475075;430;413;-936;-855;559;496
476076;210;165;-312;-184;125;32
477078;-145;-198;460;567;-347;-413
478092;-459;-498;987;1023;-631;-637
479078;-563;-566;996;951;-588;-542
480079;-392;-352;486;384;-238;-170
481075;-26;41;-278;-392;252;311
482076;357;416;-920;-993;648;679
483078;582;599;-1131;-1128;760;757
484078;562;528;-818;-735;546;506
485075;317;257;-127;-4;123;55
486076;-37;-88;615;718;-292;-357
487078;-332;-352;1054;1085;-495;-517
488079;-413;-401;975;919;-388;-347
489092;-227;-191;415;300;-30;52
490078;132;182;-353;-469;394;467
491079;484;530;-953;-1014;674;693
492075;654;673;-1084;-1061;665;623
493080;565;540;-668;-572;359;287
494079;256;193;108;234;-104;-167
495078;-135;-202;875;973;-512;-542
496075;-426;-458;1255;1276;-679;-676
497075;-468;-447;1054;985;-543;-511
498076;-229;-167;367;237;-176;-124
499077;185;253;-465;-593;250;307
500092;579;621;-1028;-1084;543;581
501079;761;762;-1032;-984;561;553
502078;638;600;-471;-343;289;230
503080;273;212;372;511;-147;-229
504078;-141;-198;1064;1141;-526;-583
505080;-388;-414;1248;1223;-642;-636
506079;-346;-322;831;720;-419;-352
507080;-44;20;23;-114;29;118
508078;360;431;-784;-881;468;526
509080;670;705;-1216;-1230;671;667
510078;737;716;-1085;-1017;545;489
511097;526;466;-473;-359;163;91
512093;143;79;309;415;-284;-336
513079;-218;-254;872;925;-589;-603
514078;-376;-372;941;915;-608;-587
515080;-250;-213;490;393;-335;-288
516079;84;138;-252;-375;105;163
517080;443;491;-922;-1010;511;562
518078;642;660;-1195;-1199;689;707
519080;592;567;-928;-845;542;508
520078;326;269;-234;-105;128;49
521080;-30;-89;565;674;-353;-437
522093;-323;-352;1087;1126;-660;-696
523077;-420;-408;1085;1037;-641;-604
524078;-271;-229;570;462;-316;-229
525079;57;108;-194;-311;151;231
526079;408;448;-833;-903;531;561
527080;612;626;-1030;-1020;628;600
528078;565;546;-688;-601;373;311
529080;285;236;38;162;-116;-182
530078;-94;-153;813;916;-591;-640
531080;-394;-434;1274;1308;-807;-821
532091;-476;-472;1200;1147;-666;-633
533078;-304;-255;612;497;-260;-186
534079;39;105;-220;-345;205;283
535080;393;440;-901;-977;515;552
536079;587;591;-1095;-1084;536;507
537080;518;482;-704;-607;267;192
538078;219;164;75;212;-157;-230
539080;-151;-200;850;957;-525;-556
540079;-397;-418;1212;1230;-637;-618
541075;-385;-368;945;859;-412;-358
542076;-119;-68;157;7;55;121
543089;274;337;-763;-901;538;594
544076;608;651;-1359;-1410;795;818
545076;721;719;-1345;-1284;706;679
546079;552;503;-753;-615;332;259
547079;173;103;108;245;-137;-220
548075;-238;-293;805;872;-486;-529
549076;-479;-493;992;961;-556;-533
550078;-421;-388;575;470;-310;-238
551078;-83;-18;-224;-352;133;210
552075;369;435;-994;-1086;552;594
553076;704;740;-1350;-1364;732;725
554093;747;732;-1127;-1055;579;532
555080;483;421;-434;-307;169;105
556079;58;-18;418;540;-301;-359
557075;-311;-359;1051;1112;-618;-647
558075;-446;-439;1177;1148;-645;-632
559076;-291;-235;735;633;-374;-319
560075;72;140;-54;-183;78;152
561077;466;511;-795;-888;505;562
562077;705;711;-1104;-1114;692;702
563078;681;652;-814;-730;534;486
564078;409;362;-61;77;100;17
565092;20;-28;780;905;-388;-463
566079;-305;-340;1290;1332;-683;-708
567078;-416;-422;1209;1144;-645;-605
568080;-261;-229;580;442;-301;-221
569078;85;147;-285;-421;183;257
570080;459;520;-965;-1030;578;611
571078;679;701;-1144;-1112;696;679
572080;634;602;-763;-659;485;432
573078;342;274;-30;88;57;-5
574080;-49;-114;689;767;-364;-413
575093;-339;-364;1044;1053;-565;-578
576078;-376;-351;862;801;-448;-415
577079;-138;-81;228;121;-78;-8
578080;255;314;-561;-671;363;435
579078;617;653;-1138;-1201;665;698
580080;784;785;-1230;-1211;674;648
581078;687;657;-787;-688;372;300
582080;377;327;-4;129;-110;-189
583078;-9;-60;751;853;-548;-595
584080;-302;-333;1101;1114;-724;-720
585124;-369;-279;842;758;-545;-494
586077;-177;-134;85;-57;-94;-19
587078;188;251;-793;-922;404;470
588080;552;605;-1347;-1395;696;722
589078;727;739;-1299;-1239;632;601
590080;610;571;-673;-536;248;170
591078;243;170;225;366;-259;-344
592080;-189;-256;961;1036;-644;-689
593078;-454;-478;1179;1156;-729;-708
594080;-404;-369;787;682;-475;-402
595078;-66;9;-1;-133;-2;77
596089;385;458;-772;-867;449;497
597075;724;755;-1127;-1139;635;632
598075;787;762;-883;-804;443;392
599077;540;478;-152;-18;-37;-115
600077;106;40;717;842;-566;-638
601078;-292;-334;1303;1357;-888;-919
602078;-446;-446;1318;1273;-864;-834
603080;-273;-230;751;627;-516;-439
604078;136;206;-130;-272;-7;76
605075;580;644;-907;-997;437;485
606076;845;869;-1205;-1201;615;607
607090;809;778;-887;-792;441;386
608079;490;420;-127;9;6;-65
609079;42;-30;673;783;-455;-512
610075;-315;-352;1097;1122;-701;-717
611076;-409;-393;931;857;-608;-573
612078;-207;-150;262;127;-232;-159
613078;168;232;-586;-712;245;320
614075;520;559;-1208;-1263;603;641
615076;682;680;-1301;-1262;668;649
616078;584;547;-812;-702;399;334
617196;82;30;27;157;-74;-152
618078;-104;-150;814;906;-514;-567
619078;-371;-395;1171;1183;-703;-705
620075;-397;-387;933;859;-560;-511
621076;-174;-130;227;98;-164;-91
622078;178;238;-604;-725;293;355
623078;480;524;-1166;-1219;602;625
624079;583;584;-1196;-1153;618;594
625078;447;402;-692;-575;330;272
626079;145;82;97;225;-123;-190
627078;-181;-224;793;869;-510;-556
628090;-384;-387;1065;1056;-630;-631
629078;-361;-330;779;695;-414;-363
630079;-106;-61;75;-42;45;128
631076;271;314;-704;-804;540;612
632076;595;627;-1176;-1214;840;864
633078;709;718;-1106;-1061;803;766
634078;561;535;-527;-415;441;363
635079;223;164;287;416;-71;-149
636079;-148;-212;954;1034;-478;-518
637080;-385;-414;1151;1138;-575;-560
638088;-378;-352;774;673;-319;-257
639078;-135;-69;0;-137;155;233
640079;220;282;-786;-890;603;659
641080;497;520;-1178;-1195;792;797
642078;537;513;-963;-883;619;567
643080;306;251;-241;-103;168;84
644078;-84;-142;626;752;-329;-402
645080;-436;-472;1208;1260;-621;-644
646079;-572;-573;1216;1166;-562;-521
647080;-423;-387;644;518;-185;-102
648090;-55;4;-233;-371;309;387
649078;366;425;-992;-1077;662;693
650079;658;688;-1267;-1259;685;655
651080;689;673;-923;-828;364;291
652078;440;384;-127;9;-143;-223
653080;29;-39;728;842;-597;-645
654078;-327;-373;1213;1248;-788;-786
655080;-427;-422;1069;1005;-632;-584
656079;-206;-150;353;214;-212;-141
657080;216;296;-580;-727;268;332
658078;624;681;-1261;-1338;585;613
659089;814;817;-1350;-1312;586;565
660078;699;648;-820;-685;267;203
661079;338;265;49;203;-221;-299
662080;-87;-142;819;908;-640;-694
663078;-361;-374;1114;1096;-779;-778
664080;-339;-310;792;686;-563;-504
665078;-28;28;13;-119;-90;-2
666075;417;479;-829;-927;413;483
667075;770;811;-1305;-1330;701;718
668076;852;850;-1171;-1113;624;580
669076;626;575;-504;-385;219;138
670092;214;137;358;488;-304;-381
671078;-171;-229;1005;1081;-682;-717
672079;-349;-354;1143;1121;-734;-711
673075;-258;-208;716;605;-450;-382
674076;31;99;-76;-217;23;100
675078;367;409;-866;-963;463;512
676079;591;591;-1273;-1282;668;669
677075;601;571;-1105;-1029;549;506
678076;381;345;-461;-342;168;103
679078;19;-14;319;425;-292;-352
680078;-316;-348;848;893;-613;-642
681088;-456;-477;881;844;-635;-619
682079;-331;-316;421;321;-341;-283
683079;-13;45;-304;-419;134;211
684075;337;410;-945;-1019;562;621
685076;562;597;-1172;-1169;725;731
686078;555;524;-836;-754;524;468
687079;303;227;-63;66;46;-44
688075;-91;-160;792;911;-474;-552
689075;-434;-459;1317;1366;-781;-802
690076;-536;-514;1260;1208;-732;-686
691076;-340;-291;658;527;-369;-286
692089;38;89;-188;-329;116;189
693078;397;434;-872;-947;484;511
694079;571;581;-1070;-1042;561;536
695080;506;484;-689;-581;323;266
696079;251;204;85;215;-97;-157
697080;-80;-131;874;964;-486;-526
698078;-346;-375;1275;1290;-653;-658
699080;-410;-403;1071;1005;-512;-477
700078;-214;-172;348;225;-120;-55
701080;166;228;-547;-676;340;409
702089;543;596;-1182;-1256;649;685
703078;712;726;-1255;-1227;650;630
704079;575;536;-737;-615;339;267
705080;201;125;107;260;-137;-222
706079;-215;-285;847;944;-549;-599
707080;-465;-485;1100;1085;-689;-678
708078;-427;-386;727;611;-476;-412
709080;-127;-54;-89;-240;-9;71
710078;283;344;-946;-1051;475;534
711080;606;626;-1409;-1424;731;742
712090;679;657;-1244;-1167;635;593
713078;453;406;-526;-396;249;177
714079;24;-30;398;524;-216;-285
715080;-398;-446;1094;1163;-531;-560
716079;-597;-618;1249;1229;-545;-519
717080;-468;-442;812;711;-254;-187
718078;-87;-15;12;-123;197;270
719080;343;424;-758;-861;581;624
720078;618;654;-1131;-1146;695;686
721080;619;583;-930;-850;468;412
722078;348;267;-264;-132;4;-73
723092;-71;-143;533;647;-470;-533
724077;-436;-460;1061;1100;-730;-747
725078;-555;-532;1049;998;-654;-616
726080;-369;-322;499;385;-279;-204
727078;13;62;-311;-434;220;294
728080;390;428;-978;-1051;608;646
729078;587;602;-1173;-1160;702;687
730080;525;507;-802;-709;461;402
731078;237;187;-39;91;2;-72
732080;-142;-205;762;867;-453;-509
733089;-438;-479;1227;1257;-682;-694
734078;-506;-499;1124;1064;-567;-526
735078;-310;-255;487;365;-160;-85
736075;57;127;-383;-512;330;404
737076;418;464;-1066;-1141;650;684
738078;594;592;-1239;-1222;638;610
739079;493;450;-836;-733;306;229
740075;161;101;-65;70;-181;-264
741076;-238;-287;694;793;-588;-631
742078;-509;-529;1071;1083;-714;-698
743078;-523;-507;866;788;-492;-430
744089;-277;-230;163;34;-28;47
745079;115;175;-696;-815;444;499
746080;484;531;-1274;-1327;686;697
747075;675;687;-1263;-1221;580;543
748076;606;575;-652;-527;185;114
749078;299;241;268;418;-309;-382
750078;-103;-162;1047;1146;-673;-712
751075;-396;-427;1308;1300;-734;-718
752076;-417;-402;938;827;-458;-393
753078;-153;-96;146;-5;27;109
754078;239;310;-660;-768;492;550
755089;542;583;-1081;-1090;715;721
756078;597;581;-905;-819;593;546
757078;378;314;-218;-88;192;116
758079;-8;-81;629;740;-289;-356
759078;-381;-421;1193;1237;-609;-635
760080;-553;-546;1173;1130;-600;-573
761078;-435;-392;577;462;-265;-197
762080;-89;-33;-295;-433;221;299
763078;298;343;-1028;-1120;618;665
764080;522;539;-1284;-1280;730;721
765092;471;451;-956;-856;505;444
766078;180;125;-211;-70;51;-29
767078;-206;-270;585;692;-410;-468
768080;-505;-544;1043;1063;-651;-659
769078;-576;-565;941;871;-548;-504
770080;-377;-323;336;217;-152;-78
771078;7;75;-467;-578;340;409
772080;395;442;-1072;-1128;690;722
773078;590;594;-1173;-1149;729;710
774080;487;449;-712;-616;442;378
775093;143;-126;87;216;-34;-110
776078;-255;-312;831;931;-467;-521
777079;-505;-528;1155;1171;-650;-653
778080;-496;-472;913;831;-501;-452
779078;-252;-194;244;107;-102;-27
780080;106;165;-511;-625;336;399
781078;415;445;-982;-1010;592;608
782080;530;521;-939;-873;535;498
783078;387;347;-406;-289;200;130
784080;48;-2;365;471;-251;-317
785093;-312;-472;1009;1062;-608;-640
786078;-508;-525;1220;1207;-712;-699
787079;-445;-423;895;825;-524;-476
788079;-162;-106;186;80;-134;-75
789080;205;267;-570;-672;270;318
790078;494;528;-1010;-1058;490;506
791080;581;569;-927;-885;413;387
792078;426;378;-373;-253;84;23
793080;94;38;383;517;-320;-388
794078;-260;-298;988;1058;-592;-626
795080;-463;-472;1149;1118;-592;-569
796093;-398;-225;764;655;-312;-242
797077;-77;-28;0;-126;132;209
798078;346;408;-772;-856;545;588
799079;663;707;-1162;-1175;727;721
800078;708;705;-992;-930;585;540
801080;457;398;-370;-261;186;123
802079;37;-46;382;490;-277;-334
803075;-343;-400;902;956;-589;-617
804076;-503;-497;931;899;-609;-596
805078;-367;-307;442;335;-342;-287
806088;-7;65;-333;-463;79;150
807089;392;437;-1006;-1091;448;499
808076;619;619;-1229;-1221;580;579
809076;548;513;-884;-785;399;345
810078;218;165;-135;2;-15;-93
811079;-191;-242;660;765;-462;-523
812075;-469;-498;1127;1150;-712;-725
813076;-493;-484;1049;985;-627;-586
814078;-275;-226;473;360;-239;-164
815078;72;136;-302;-411;263;335
816076;397;440;-888;-944;634;670
817093;563;537;-988;-966;705;688
818078;492;455;-556;-462;463;402
819079;207;155;192;316;42;-29
820075;-163;-206;891;984;-347;-393
821080;-432;-454;1198;1209;-523;-522
822079;-460;-452;958;879;-411;-368
823078;-236;-196;285;155;-74;-13
824079;117;175;-497;-609;316;366
825078;423;470;-1017;-1056;563;580
826075;545;550;-1030;-981;534;511
827090;438;257;-540;-432;241;186
828078;162;100;215;327;-158;-221
829079;-142;-185;873;940;-451;-488
830080;-315;-317;1123;1119;-488;-475
831080;-256;-221;852;781;-256;-197
832079;17;67;203;94;132;205
833080;374;417;-502;-599;502;547
834078;633;654;-923;-960;676;672
835080;660;651;-855;-809;551;507
836079;438;398;-317;-207;165;103
837182;-122;-181;443;564;-308;-365
838080;-286;-337;1055;1125;-640;-672
839079;-463;-477;1187;1168;-664;-654
840080;-372;-338;742;638;-369;-314
841078;-50;15;-71;-211;96;176
842080;341;404;-845;-949;506;567
843078;598;621;-1188;-1200;658;662
844080;583;554;-937;-848;480;420
845078;310;246;-232;-90;57;-30
846075;-80;-143;558;673;-408;-472
847075;-409;-439;1026;1053;-684;-693
848092;-526;-453;931;860;-627;-582
849077;-373;-331;320;193;-258;-187
850078;-16;35;-504;-622;240;304
851079;375;419;-1137;-1193;621;655
852078;609;631;-1269;-1242;699;690
853080;583;568;-841;-745;446;395
854078;330;280;-69;51;-4;-79
855080;-10;-71;667;760;-440;-501
856079;-268;-303;1028;1047;-663;-678
857080;-311;-297;863;797;-579;-537
858078;-109;123;268;150;-227;-153
859091;242;472;-469;-578;223;290
860075;561;597;-1000;-1046;548;574
861075;685;677;-1066;-1030;577;553
862077;561;518;-633;-536;291;230
863077;257;205;91;203;-160;-229
864078;-84;-121;753;829;-549;-594
865078;-310;-321;1022;1027;-685;-683
866075;-322;-308;763;692;-508;-459
867075;-113;-79;99;-18;-108;-35
868077;223;269;-652;-760;326;386
869090;533;660;-1131;-1175;591;609
870079;666;680;-1105;-1059;558;527
871079;545;515;-577;-464;245;181
872075;217;153;205;329;-188;-252
873076;-156;-221;866;939;-518;-552
874078;-382;-407;1080;1067;-579;-565
875078;-333;-299;742;651;-345;-289
876075;-28;45;24;-99;64;134
877076;374;442;-705;-801;455;504
878078;664;687;-1072;-1091;638;641
879089;698;561;-889;-820;520;478
880079;466;406;-251;-127;157;91
881079;87;33;514;630;-274;-333
882075;-254;-282;1026;1072;-563;-587
883076;-399;-396;1029;982;-566;-544
884078;-274;-245;517;403;-281;-222
885078;65;112;-271;-394;151;220
886079;456;509;-967;-1041;525;570
887078;705;738;-1236;-1230;660;658
888079;684;672;-949;-870;499;451
889078;400;124;-255;-138;128;60
890092;-5;-258;495;597;-268;-321
891079;-327;-374;929;965;-504;-516
892078;-395;-378;834;782;-469;-438
893080;-167;-97;265;147;-185;-128
894078;237;315;-490;-612;211;267
895080;609;648;-1050;-1111;526;556
896079;769;755;-1130;-1095;597;589
897080;656;608;-678;-567;377;332
898078;340;289;88;215;-28;-94
899080;-27;-60;795;875;-418;-474
900092;-274;-313;1098;1095;-593;-606
901077;-282;-273;858;780;-472;-430
902078;-46;-14;212;98;-127;-52
903079;311;364;-513;-609;260;323
904078;617;667;-977;-1011;499;513
905080;728;740;-982;-941;473;433
906079;594;553;-541;-449;188;124
907080;276;203;135;236;-218;-272
908078;-76;-134;729;794;-548;-571
909080;-288;-297;945;944;-636;-626
910169;-136;-80;665;596;-443;-405
911077;16;77;26;-83;-68;-14
912078;360;405;-646;-744;300;350
913079;617;628;-1026;-1058;481;500
914078;686;669;-944;-890;384;354
915080;548;520;-447;-336;50;-18
916079;263;232;235;342;-365;-436
917080;-48;-197;791;839;-665;-697
918078;-240;-264;952;927;-707;-682
919080;-212;-91;631;553;-470;-407
920168;197;255;-22;-119;-69;-4
921077;371;437;-697;-776;304;339
922078;651;700;-1069;-1098;479;475
923079;733;644;-952;-912;385;351
924078;562;505;-392;-290;72;24
925080;208;-49;338;458;-304;-350
926079;-154;-297;868;938;-556;-583
927080;-333;-292;921;894;-542;-533
928078;-239;-194;475;359;-254;-202
929080;66;298;-239;-375;172;247
930078;416;576;-865;-940;527;583
931089;635;655;-1097;-1073;636;634
932078;620;489;-814;-716;449;387
933079;370;138;-146;-34;59;-22
934075;-8;-60;573;648;-334;-386
935076;-335;-377;969;984;-527;-522
936078;-433;-355;826;778;-406;-354
937079;-243;-3;212;113;-20;46
938075;133;208;-558;-673;436;489
939076;486;550;-1100;-1172;732;752
940078;626;561;-1143;-1122;718;698
941093;488;258;-670;-555;408;353
942078;153;-106;88;234;-37;-107
943079;-205;-359;767;857;-400;-449
944075;-416;-408;1050;1034;-517;-515
945076;-382;-336;818;719;-346;-293
946078;-120;100;207;91;21;95
947079;249;441;-471;-542;413;465
948075;555;571;-880;-887;638;643
949076;659;666;-823;-777;575;536
950078;518;346;-335;-259;245;186
951090;204;-28;330;414;-181;-236
952078;-132;-312;837;899;-484;-512
953077;-328;-348;929;931;-517;-505
954078;-283;-118;551;474;-277;-227
955078;-14;246;-122;-249;111;177
956075;338;414;-784;-889;478;527
957075;583;607;-1129;-1148;661;667
958076;593;440;-995;-918;566;528
959076;364;126;-442;-320;218;155
960078;11;-189;263;360;-226;-286
961078;-297;-381;767;796;-544;-574
962091;-422;-371;810;768;-574;-559
963078;-310;-157;378;292;-320;-264
964079;-22;174;-287;-380;60;129
965080;306;474;-834;-895;363;404
966079;529;594;-996;-995;445;432
967080;553;474;-712;-642;278;222
968078;370;167;-121;-14;-52;-115
969080;58;-167;505;595;-389;-423
970078;-229;-343;881;906;-565;-561
971080;-329;-248;818;767;-493;-460
972078;-166;67;333;234;-204;-162
973089;173;418;-342;-441;159;201
974078;496;607;-880;-933;432;460
975079;621;544;-1028;-1013;491;493
976075;489;281;-728;-653;308;274
977075;173;-51;-124;-25;-47;-107
978077;-170;-315;502;581;-425;-483
979077;-389;-405;858;881;-646;-669
980078;-390;-286;761;717;-591;-561
981078;-185;-6;259;164;-278;-209
982080;127;314;-393;-494;127;196
983093;407;527;-865;-920;410;439
984077;535;526;-918;-892;430;402
985078;451;299;-510;-413;190;126
986080;186;-42;177;295;-177;-237
987078;-135;-316;818;896;-486;-511
988080;-346;-371;1094;1094;-579;-562
989078;-331;-183;863;788;-400;-356
990080;-97;136;242;129;-35;15
991078;232;422;-459;-554;325;366
992080;492;547;-895;-928;495;508
993161;510;470;-864;-819;395;369
994079;409;226;-397;-299;85;26
995079;106;-86;252;354;-282;-344
996075;-206;-333;751;803;-540;-569
997075;-381;-391;850;826;-575;-553
998077;-337;-219;499;412;-362;-305
999078;-98;102;-136;-242;6;66
1000080;217;410;-753;-827;352;386
1001079;460;543;-1050;-1059;493;490
1002075;516;436;-875;-816;355;318
1003076;356;148;-304;-203;8;-47
1004092;51;-172;385;482;-379;-431
1005078;-247;-362;850;897;-623;-648
1006079;-385;-334;859;828;-606;-588
1007075;-289;-111;411;313;-324;-267
1008076;-15;186;-260;-376;97;166
1009078;287;410;-814;-883;452;498
1010078;458;447;-971;-954;566;561
1011075;407;271;-648;-556;393;340
1012076;159;-41;9;126;37;-32
1013078;-166;-346;700;782;-310;-357
1014088;-417;-495;1093;1107;-471;-468
1015079;-476;-405;995;942;-354;-309
1016075;-310;-112;459;364;-11;51
1017076;9;243;-232;-329;395;444
1018075;332;478;-729;-784;660;678
1019076;494;466;-796;-776;654;635
1020076;400;203;-419;-330;384;333
1021078;82;-183;203;315;-18;-79
1022078;-299;-490;763;836;-364;-408
1023079;-542;-555;986;980;-497;-500
1024092;-514;-348;755;677;-353;-311
1025077;-240;3;175;70;1;67
1026078;117;306;-477;-558;393;450
1027079;372;418;-892;-915;623;639
1028078;409;304;-862;-823;570;537
1029080;224;25;-398;-314;259;194
1030078;-94;-297;276;373;-162;-225
1031080;-402;-522;831;899;-495;-526
1032078;-557;-544;1000;1001;-576;-563
1033080;-489;-350;709;636;-361;-311
1034092;-239;-38;105;-8;41;106
1035077;66;234;-525;-617;433;482
1036078;282;333;-883;-903;620;630
1037084;304;204;-791;-731;512;475
1038075;111;-100;-283;-178;163;96
1039075;-215;-434;402;498;-255;-319
1040077;-515;-625;933;978;-539;-566
1041077;-633;-577;1041;1020;-554;-530
1042078;-513;-327;670;592;-296;-236
1043078;-221;-1;5;-98;107;171
1044092;102;258;-619;-702;457;494
1045077;323;356;-889;-906;573;566
1046078;349;251;-667;-601;385;338
1047079;161;-27;-64;54;-12;-78
1048078;-158;-357;618;726;-411;-465
1049080;-455;-569;1041;1075;-612;-626
1050078;-572;-535;989;931;-530;-494
1051080;-444;-260;484;370;-213;-146
1052078;-129;120;-226;-333;193;255
1053080;225;415;-790;-838;507;533
1054090;451;477;-927;-901;579;562
1055078;434;278;-575;-492;366;317
1056079;179;-74;85;187;-34;-92
1057080;-187;-398;725;801;-421;-466
1058078;-471;-526;1027;1044;-589;-600
1059080;-517;-391;837;781;-443;-409
1060078;-296;-59;233;123;-61;9
1061080;76;304;-498;-610;352;422
1062078;411;524;-995;-1050;585;610
1063080;544;496;-1008;-972;525;486
1064089;422;241;-534;-421;208;128
1065079;115;-112;187;313;-215;-285
1066080;-222;-387;794;863;-540;-561
1067075;-428;-448;984;962;-603;-573
1068076;-402;-262;664;569;-367;-312
1069078;-153;82;2;-111;39;93
1070078;201;414;-658;-735;404;438
1071075;487;567;-975;-981;552;556
1072076;560;470;-787;-724;425;395
1073078;392;185;-195;-91;91;35
1074090;75;-136;508;606;-295;-353
1075079;-225;-337;985;1031;-550;-580
1076080;-361;-321;1010;979;-546;-527
1077075;-264;-95;568;473;-274;-212
1078076;16;227;-127;-241;145;218
1079078;334;482;-741;-816;521;565
1080078;527;542;-980;-977;672;667
1081075;505;386;-741;-664;519;471
1082076;294;102;-164;-55;132;65
1083076;2;-167;452;535;-297;-351
1084093;-227;-290;800;815;-550;-567
1085077;-279;-196;709;654;-500;-472
1086078;-115;79;226;132;-179;-116
1087079;197;415;-408;-496;251;319
1088078;515;650;-881;-925;578;615
1089080;678;659;-957;-937;636;621
1090078;596;423;-591;-514;398;338
1091080;296;49;52;154;-10;-83
1092078;-74;-272;677;758;-380;-426
1093080;-328;-373;996;1016;-522;-516
1094080;-337;-206;865;811;-371;-320
1095092;-105;126;348;246;-10;56
1096080;236;444;-309;-409;379;427
1097078;514;594;-803;-850;607;616
1098080;601;526;-894;-868;562;532
1099078;471;294;-532;-448;262;208
1100080;199;12;115;217;-159;-215
1101078;-84;-200;731;805;-517;-555
1102080;-252;-257;997;1007;-661;-665
1103078;-232;-127;758;695;-534;-501
1104151;118;148;119;5;-198;-139
1105076;273;455;-611;-721;186;243
1106077;538;645;-1075;-1122;420;445
1107078;642;608;-1046;-1000;377;352
1108078;521;342;-542;-426;76;10
1109080;218;-27;181;303;-324;-393
1110078;-125;-306;760;820;-613;-646
1111080;-335;-346;896;866;-642;-617
1112078;-295;-119;519;420;-392;-327
1113080;-9;260;-174;-289;15;83
1114157;546;593;-833;-907;387;423
1115080;663;709;-1130;-1133;547;540
1116079;693;557;-929;-862;428;388
1117080;464;229;-331;-227;104;53
1118078;104;-105;370;465;-252;-295
1119080;-199;-289;831;874;-460;-477
1120078;-302;-234;822;788;-412;-393
1121080;-150;47;346;248;-129;-77
1122078;193;439;-356;-472;255;317
1123080;569;750;-934;-1006;559;598
1124149;814;822;-1095;-1081;642;634
1125076;765;620;-761;-667;474;423
1126076;502;257;-99;22;137;73
1127078;142;-76;560;644;-217;-259
1128078;-136;-209;898;904;-423;-427
1129080;-192;-78;761;693;-378;-348
1130079;8;245;231;130;-101;-54
1131075;362;594;-426;-511;259;306
1132076;689;799;-898;-933;508;535
1133078;827;772;-955;-930;507;497
1134275;581;534;-565;-490;251;201
1135078;415;194;91;188;-129;-198
1136080;70;-91;695;775;-445;-492
1137075;-154;-188;951;969;-537;-532
1138076;-155;-46;741;679;-367;-311
1139077;59;261;189;75;-23;47
1140079;380;581;-425;-525;324;367
1141075;653;755;-813;-841;514;510
1142076;752;697;-798;-742;459;421
1143077;622;429;-393;-295;191;145
1144095;318;88;194;278;-151;-187
1145091;-3;-145;660;692;-399;-416
1146080;-169;-144;749;725;-433;-429
1147079;-92;76;399;332;-243;-213
1148079;170;378;-230;-318;79;129
1149078;463;598;-850;-928;384;432
1150079;642;649;-1177;-1208;520;535
1151078;639;535;-1063;-1023;415;381
1152080;471;311;-559;-459;112;45
1153078;212;63;99;209;-244;-304
1154080;-24;-104;604;662;-484;-502
1155092;-123;-94;718;692;-497;-467
1156080;-18;124;394;301;-280;-225
1157078;253;458;-196;-300;66;114
1158080;562;729;-746;-806;374;396
1159078;751;782;-968;-959;486;482
1160080;722;585;-744;-677;346;318
1161078;482;239;-177;-85;22;-23
1162080;138;-82;454;533;-318;-367
1163078;-144;-222;841;873;-504;-529
1164093;-224;-125;794;761;-440;-420
1165089;-65;142;349;262;-160;-98
1166075;242;439;-258;-359;201;269
1167076;535;631;-721;-780;469;500
1168077;678;655;-809;-789;506;481
1169077;629;518;-476;-386;285;223
1170079;427;275;122;230;-94;-156
1171078;162;22;694;762;-456;-488
1172080;-45;-114;952;949;-623;-619
1173078;-94;-44;763;697;-512;-480
1174080;48;209;219;125;-176;-127
1175093;315;512;-413;-493;215;265
1176075;571;693;-832;-865;465;496
1177075;689;664;-848;-821;460;449
1178076;613;449;-471;-395;215;161
1179077;375;166;100;191;-139;-208
1180078;90;-46;579;640;-432;-472
1181078;-95;-96;723;717;-515;-502
1182079;-89;32;447;374;-336;-279
1183078;105;277;-123;-226;23;89
1184080;385;528;-711;-792;380;419
1185091;607;659;-1030;-1046;550;548
1186075;652;582;-924;-869;454;418
1187076;479;299;-444;-348;153;102
1188077;158;-59;177;265;-195;-239
1189077;-153;-299;637;677;-420;-438
1190079;-294;-278;708;684;-409;-393
1191078;-194;-13;360;283;-172;-126
1192080;91;338;-229;-323;172;228
1193078;415;587;-765;-832;455;491
1194080;617;619;-987;-992;540;536
1195092;597;435;-782;-721;391;347
1196080;358;127;-233;-134;72;12
1197079;14;-165;411;502;-277;-322
1198075;-256;-300;846;884;-497;-507
1199076;-304;-200;854;821;-477;-453
1200078;-100;97;437;347;-227;-181
1201078;243;448;-182;-284;122;171
1202075;552;679;-675;-734;388;419
1203076;693;687;-780;-763;435;430
1204078;618;470;-441;-354;244;201
1205090;353;114;172;282;-86;-147
1206076;-4;-226;748;821;-401;-445
1207077;-296;-382;990;988;-551;-554
1208079;-368;-267;771;698;-466;-427
1209079;-181;39;203;98;-186;-130
1210075;138;336;-435;-518;146;190
1211076;387;442;-847;-872;365;378
1212078;426;315;-856;-818;365;344
1213078;245;40;-475;-396;152;110
1214079;-55;-247;107;190;-169;-214
1215093;-335;-426;613;667;-451;-482
1216078;-463;-425;793;794;-555;-557
1217078;-384;-246;552;496;-416;-386
1218079;-141;34;11;-81;-93;-39
1219078;150;300;-558;-644;248;302
1220080;370;442;-881;-911;430;450
1221078;437;399;-808;-762;358;328
1222080;325;184;-381;-284;77;11
1223078;84;-100;187;279;-270;-331
1224080;-174;-305;611;648;-513;-532
1225088;-319;-320;673;640;-522;-491
1226079;-277;-146;338;258;-281;-223
1227078;-75;107;-223;-308;93;146
1228080;174;305;-733;-786;409;436
1229078;345;358;-948;-948;507;500
1230080;351;248;-772;-722;354;318
1231078;186;22;-286;-206;49;0
1232080;-75;-224;298;377;-247;-287
1233078;-310;-384;729;773;-402;-412
1234080;-404;-374;809;796;-345;-319
1235093;-312;-188;490;423;-93;-44
1236078;-81;89;-77;-172;236;285
1237078;181;326;-608;-683;467;491
1238080;361;407;-814;-824;461;445
1239078;374;287;-569;-500;213;161
1240080;206;20;16;131;-148;-210
1241076;-68;-252;648;746;-444;-482
1242078;-305;-379;997;1020;-538;-530
1243078;-369;-284;871;806;-391;-343
1244079;-212;-12;323;206;-76;-17
1245138;242;290;-369;-472;250;287
1246079;369;467;-847;-884;420;422
1247079;484;431;-867;-824;350;319
1248080;375;203;-427;-329;80;33
1249078;96;-107;236;338;-249;-293
1250080;-213;-352;778;835;-478;-500
1251078;-396;-403;925;910;-495;-484
1252080;-357;-223;608;529;-290;-248
1253078;-109;105;-13;-118;44;99
1254080;220;406;-634;-714;356;397
1255093;456;507;-952;-968;500;506
1256078;467;348;-815;-758;408;375
1257078;247;19;-289;-188;123;68
1258080;-84;-293;357;453;-212;-261
1259078;-349;-421;789;830;-430;-447
1260080;-411;-312;785;747;-418;-396
1261079;-245;-40;358;262;-184;-134
1262075;53;247;-250;-353;153;205
1263076;329;419;-727;-779;422;451
1264078;457;421;-842;-816;483;473
1265092;392;265;-551;-468;298;254
1266079;172;8;0;92;-46;-103
1267079;-111;-257;551;607;-390;-434
1268075;-334;-401;838;841;-571;-581
1269076;-381;-321;726;682;-507;-477
1270078;-212;-33;282;210;-221;-167
1271078;90;303;-260;-333;152;206
1272075;365;490;-630;-671;427;456
1273076;470;432;-650;-634;460;447
1274078;369;191;-323;-251;240;190
1275078;126;-81;185;278;-105;-167
1276089;-138;-263;640;700;-394;-432
1277079;-313;-309;832;827;-485;-477
1278079;-331;-234;667;605;-340;-292
1279079;-198;-75;212;129;-23;35
1280078;17;117;-327;-390;316;355
1281079;212;266;-695;-718;512;516
1282078;292;286;-708;-686;469;443
1283080;216;132;-363;-303;222;179
1284078;12;-142;162;240;-89;-131
1285080;-234;-396;603;664;-307;-330
1286135;-438;-475;737;743;-335;-326
1287077;-417;-321;479;415;-159;-120
1288077;-238;-24;-73;-178;143;194
1289079;40;239;-669;-759;437;474
1290078;267;321;-1011;-1036;576;581
1291080;313;191;-909;-854;478;447
1292078;144;-70;-391;-285;177;122
1293080;-157;-341;298;400;-182;-235
1294078;-434;-496;824;874;-419;-444
1295080;-529;-446;933;908;-417;-398
1296079;-375;-194;579;495;-180;-126
1297089;-47;154;-34;-135;168;228
1298078;285;429;-568;-635;453;485
1299079;465;490;-735;-730;534;523
1300080;423;307;-455;-378;370;323
1301078;187;-31;121;230;39;-16
1302080;-140;-360;704;784;-291;-329
1303078;-414;-511;1006;1015;-460;-465
1304080;-493;-402;877;815;-396;-368
1305078;-324;-92;379;282;-140;-94
1306075;10;243;-248;-331;177;221
1307089;320;415;-702;-737;406;427
1308092;370;328;-774;-750;434;423
1309079;259;40;-448;-379;243;203
1310078;-72;-291;92;176;-74;-126
1311080;-392;-506;560;618;-354;-392
1312078;-545;-511;707;708;-448;-449
1313080;-463;-310;458;394;-301;-261
1314078;-196;6;-63;-161;18;80
1315080;131;303;-607;-686;353;402
1316079;375;445;-915;-932;534;543
1317080;433;372;-839;-787;478;443
1318078;294;131;-407;-318;222;166
1319090;32;-156;182;263;-104;-150
1320078;-230;-351;657;696;-355;-370
1321079;-367;-351;802;790;-421;-406
1322080;-302;-152;571;516;-282;-250
1323078;-61;141;95;21;-11;24
1324080;229;375;-384;-447;251;279
1325078;421;445;-633;-653;368;378
1326075;437;348;-523;-486;279;260
1327076;297;156;-98;-16;21;-24
1328078;84;-36;444;531;-280;-331
1329090;-152;-151;841;885;-468;-494
1330079;-167;-129;892;868;-438;-417
1331079;-78;35;565;486;-202;-143
1332075;128;272;8;-84;119;180
1333076;354;464;-518;-579;369;393
1334078;484;499;-756;-757;427;405
1335078;447;340;-583;-527;264;215
1336076;243;50;-88;-1;-49;-95
1337076;-46;-235;465;542;-372;-398
1338079;-291;-374;777;805;-546;-551
1339091;-322;-294;675;633;-485;-470
1340079;-225;-32;201;105;-218;-181
1341079;68;278;-422;-523;129;179
1342075;364;480;-911;-963;399;440
1343076;510;479;-1046;-1025;473;476
1344078;434;280;-771;-693;328;286
1345077;182;-13;-218;-127;40;-23
1346079;-118;-266;349;412;-249;-292
1347078;-325;-361;655;666;-394;-392
1348079;-339;-243;547;506;-319;-277
1349089;6;47;92;13;-56;-4
1350078;172;376;-466;-548;259;295
1351079;460;573;-832;-876;461;469
1352080;573;531;-809;-782;438;419
1353078;456;277;-383;-292;196;157
1354080;172;-46;256;367;-146;-193
1355078;-124;-260;807;877;-423;-459
1356075;-278;-254;994;984;-505;-509
1357075;-208;-40;725;642;-358;-321
1358076;50;269;149;41;-59;0
1359088;502;528;-431;-504;242;290
1360078;594;625;-725;-729;395;400
1361078;622;524;-604;-543;317;279
1362080;447;274;-149;-61;49;-8
1363078;159;-10;392;462;-264;-308
1364080;-99;-192;744;766;-449;-456
1365078;-200;-166;729;698;-399;-369
1366075;-87;70;352;281;-132;-82
1367075;192;406;-211;-293;224;271
1368076;499;658;-701;-759;505;531
1369089;685;688;-887;-892;587;583
1370092;532;485;-686;-632;442;407
1371079;392;161;-204;-114;141;91
1372078;69;-117;322;401;-170;-212
1373080;-175;-223;641;666;-346;-360
1374078;-224;-122;602;559;-309;-286
1375080;-62;122;227;143;-81;-33
1376079;222;391;-294;-373;216;263
1377080;480;559;-698;-734;431;452
1378078;588;555;-772;-751;455;439
1379080;504;378;-469;-402;279;235
1380089;127;97;72;155;-5;-52
1381078;-11;-162;594;658;-251;-277
1382079;-212;-266;846;861;-333;-327
1383080;-229;-142;707;662;-213;-180
1384078;-40;163;243;156;40;84
1385080;275;498;-319;-406;296;329
1386079;570;692;-708;-748;422;427
1387080;697;649;-733;-704;346;322
1388078;589;396;-387;-303;95;50
1389080;296;68;158;249;-220;-266
1390091;-131;-153;625;676;-449;-474
1391078;-184;-150;773;760;-477;-467
1392079;-104;64;523;455;-288;-245
1393075;160;362;6;-82;27;81
1394076;459;595;-515;-580;316;353
1395078;650;671;-785;-797;441;442
1396079;662;574;-682;-636;349;314
1397075;501;344;-262;-182;90;40
1398076;237;76;270;346;-203;-242
1399078;-7;-102;655;691;-391;-401
1400124;-96;-96;696;675;-387;-367
1401077;-32;95;366;296;-200;-162
1402078;189;363;-166;-253;81;119
1403075;431;558;-631;-691;327;352
1404076;574;584;-805;-805;424;426
1405078;552;441;-620;-559;332;309
1406079;378;203;-179;-93;99;60
1407075;126;-22;297;361;-160;-198
1408076;-86;-140;581;591;-318;-334
1409078;-155;-94;526;484;-288;-271
1410078;-40;102;150;80;-85;-41
1411089;339;365;-366;-434;172;219
1412078;461;574;-768;-808;335;353
1413078;609;626;-856;-849;311;288
1414079;586;496;-583;-527;122;71
1415078;408;246;-83;1;-138;-183
1416075;160;3;400;471;-348;-362
1417075;-43;-115;635;651;-404;-386
1418077;-111;-65;508;457;-260;-227
1419077;-25;104;84;-6;24;59
1420078;157;289;-428;-506;313;342
1421092;383;388;-770;-794;456;470
1422077;400;355;-759;-720;377;363
1423078;327;212;-389;-311;107;61
1424080;147;21;159;238;-233;-293
1425078;-50;-129;616;661;-493;-531
1426080;-163;-162;753;746;-549;-540
1427078;-131;-44;504;446;-372;-318
1428080;42;184;-6;-92;-39;25
1429078;277;417;-525;-598;288;326
1430080;465;532;-791;-811;441;437
1431089;477;467;-666;-619;342;303
1432078;399;247;-217;-123;47;-3
1433079;160;-27;323;411;-285;-325
1434080;-98;-218;670;701;-488;-501
1435078;-234;-207;635;591;-470;-452
1436075;-149;21;222;129;-254;-213
1437075;127;351;-363;-454;42;88
1438076;447;597;-827;-870;275;302
1439076;630;628;-933;-911;330;323
1440078;589;445;-632;-559;181;143
1441127;207;155;-83;4;-89;-139
1442079;-71;-102;439;501;-341;-374
1443079;-213;-211;687;695;-442;-441
1444080;-144;-116;554;505;-346;-312
1445078;-36;142;121;40;-105;-59
1446075;254;432;-384;-457;167;201
1447075;511;602;-704;-731;344;353
1448076;607;569;-671;-637;335;318
1449076;506;360;-299;-220;133;98
1450078;134;88;215;299;-165;-206
1451078;-75;-104;606;649;-408;-439
1452089;-128;-121;678;657;-473;-476
1453075;-85;35;403;331;-324;-291
1454075;104;269;-78;-161;-27;28
1455077;336;453;-542;-594;283;332
1456078;518;510;-775;-776;466;479
1457080;461;431;-668;-624;438;410
1458079;288;259;-268;-202;224;174
1459075;180;56;234;297;-61;-103
1460076;-16;-83;601;638;-278;-292
1461078;-73;-70;659;651;-323;-308
1462089;102;122;381;325;-176;-144
1463079;366;405;-101;-183;83;118
1464079;578;618;-556;-623;316;341
1465075;627;640;-763;-774;393;397
1466076;588;470;-620;-566;271;247
1467078;261;200;-202;-114;7;-38
1468079;-15;-59;281;353;-275;-320
1469075;-133;-226;593;611;-442;-460
1470076;-273;-251;583;543;-406;-383
1471078;-159;-130;260;190;-175;-123
1472092;62;80;-208;-273;135;186
1473078;262;272;-582;-614;363;385
1474079;336;342;-668;-657;392;374
1475075;313;250;-417;-366;213;167
1476075;168;36;55;129;-81;-128
1477076;-157;-198;527;592;-349;-375
1478075;-306;-335;769;791;-462;-459
1479077;-297;-288;667;628;-365;-338
1480077;-110;-63;277;194;-113;-73
1481078;170;228;-202;-283;161;197
1482089;402;432;-534;-565;326;341
1483078;457;441;-548;-514;304;289
1484079;301;251;-228;-150;102;62
1485080;7;-44;273;350;-193;-241
1486079;-278;-305;690;730;-447;-478
1487080;-403;-398;785;771;-523;-520
1488078;-295;-265;490;426;-367;-329
1489080;-17;25;-56;-144;-52;2
1490078;266;304;-591;-662;254;299
1491080;406;420;-866;-884;394;401
1492093;346;324;-766;-720;300;264
1493077;129;81;-351;-264;26;-31
1494078;-140;-186;181;262;-295;-342
1495079;-336;-353;577;611;-515;-527
1496079;-353;-334;636;610;-525;-501
1497080;-171;-128;318;247;-317;-273
1498078;116;159;-216;-298;13;56
1499080;349;373;-679;-734;307;336
1500078;407;400;-817;-816;432;437
1501080;274;240;-560;-496;349;326
1502089;25;-18;-47;49;116;74
1503078;-223;-254;465;541;-143;-184
1504079;-358;-363;737;749;-295;-311
1505080;-315;-293;649;594;-255;-234
1506079;-107;-70;249;163;-39;9
1507080;161;197;-260;-329;228;275
1508078;346;366;-617;-639;390;406
1509080;346;337;-636;-607;353;326
1510078;163;125;-306;-242;144;92
1511080;-106;-155;203;275;-118;-161
1512088;-334;-365;636;687;-310;-321
1513078;-417;-412;790;793;-356;-335
1514079;-326;-290;602;552;-242;-209
1515080;-106;-64;167;86;-19;4
1516079;135;162;-308;-378;203;217
1517080;282;284;-605;-627;318;325
1518078;263;245;-585;-549;277;273
1519080;88;61;-261;-189;107;84
1520078;-154;-184;205;275;-112;-149
1521080;-352;-374;580;615;-286;-317
1522089;-415;-419;671;658;-340;-342
1523079;-317;-296;429;374;-237;-205
1524079;-109;-70;-35;-108;-9;37
1525075;105;141;-502;-561;229;263
1526076;216;226;-742;-759;344;345
1527078;164;139;-629;-592;266;235
1528079;-24;-68;-209;-130;41;-3
1529075;-251;-286;321;404;-214;-248
1530076;-395;-403;704;747;-374;-382
1531078;-379;-357;747;723;-363;-344
1532092;-206;-169;434;356;-176;-141
1533078;31;63;-61;-149;112;150
1534079;203;217;-473;-521;365;393
1535075;216;206;-587;-570;443;448
1536076;68;38;-352;-282;292;264
1537078;-161;-198;105;185;-12;-66
1538079;-367;-393;556;606;-313;-365
1539075;-462;-463;776;776;-459;-474
1540076;-393;-370;651;607;-377;-341
1541077;-175;-138;231;163;-103;-38
1542091;97;133;-291;-357;238;292
1543078;280;300;-666;-706;496;510
1544078;268;258;-710;-700;550;526
1545080;63;22;-402;-339;378;337
1546079;-225;-278;102;191;66;28
1547080;-453;-485;558;625;-216;-241
1548078;-515;-506;749;753;-315;-320
1549080;-391;-348;585;522;-184;-161
1550078;-148;-99;141;50;91;139
1551080;102;127;-369;-437;360;409
1552091;254;249;-692;-706;494;510
1553078;250;230;-654;-615;440;409
1554079;98;76;-261;-190;227;170
1555080;-139;-159;299;374;-44;-89
1556079;-351;-372;752;801;-236;-243
1557080;-421;-435;869;867;-236;-209
1558078;-288;-275;592;532;-38;2
1559080;3;52;69;-25;252;288
1560078;313;377;-430;-508;481;499
1561080;484;514;-660;-673;523;519
1562090;436;405;-512;-449;346;316
1563078;210;138;-54;45;20;-28
1564079;-71;-129;485;562;-306;-355
1565080;-273;-277;824;840;-488;-509
1566079;-305;-264;773;725;-447;-423
1567080;-165;-120;343;260;-206;-149
1568078;53;71;-246;-326;122;179
1569080;215;206;-693;-737;382;406
1570078;225;210;-778;-764;441;423
1571080;87;77;-474;-407;262;216
1572089;-107;-121;49;140;-65;-115
1573078;-256;-276;527;593;-372;-404
1574079;-285;-298;722;725;-501;-503
1575080;-169;-155;534;471;-394;-365
1576079;61;106;53;-40;-117;-68
1577080;319;371;-486;-560;187;232
1578078;485;507;-817;-835;375;392
1579080;468;443;-776;-734;371;350
1580078;269;214;-386;-308;186;141
1581080;-3;-52;162;239;-94;-138
1582089;-197;-210;601;644;-336;-358
1583078;-210;-184;717;708;-411;-404
1584079;-39;4;456;397;-269;-237
1585080;226;262;-42;-126;20;64
1586079;462;477;-519;-586;303;341
1587080;571;568;-732;-743;431;443
1588079;521;507;-574;-520;345;319
1589075;348;326;-120;-28;97;44
1590076;138;112;410;490;-189;-237
1591078;-6;-27;754;778;-375;-390
1592088;-10;-9;734;693;-369;-343
1593079;142;172;354;273;-172;-124
1594079;381;427;-203;-284;115;157
1595075;578;613;-677;-723;354;371
1596076;626;623;-856;-851;423;414
1597078;493;451;-669;-618;285;255
1598079;235;180;-216;-142;4;-34
1599075;-27;-60;286;352;-278;-314
1600076;-161;-157;597;624;-427;-442
1601078;-91;-58;554;527;-376;-358
1602093;154;195;169;94;-154;-108
1603078;453;486;-367;-455;136;186
1604079;661;677;-775;-828;365;391
1605075;695;689;-840;-823;428;416
1606076;557;530;-527;-446;290;250
1607077;321;283;5;104;20;-25
1608077;102;72;499;559;-244;-272
1609077;15;10;720;712;-366;-367
1610078;113;140;566;503;-285;-260
1611079;353;401;118;38;-44;-4
1612092;618;659;-395;-453;232;271
1613077;772;783;-704;-721;406;423
1614078;733;708;-647;-617;386;371
1615079;517;469;-255;-187;180;137
1616079;233;190;274;354;-123;-173
1617080;29;13;677;730;-381;-412
1618078;0;15;755;746;-461;-457
1619080;134;170;462;390;-313;-274
1620078;349;383;-67;-166;-10;43
1621080;543;559;-586;-657;283;324
1622092;635;631;-850;-856;408;412
1623077;578;560;-737;-679;296;260
1624078;384;359;-302;-217;0;-58
1625079;145;117;243;313;-342;-390
1626079;1;-19;634;661;-567;-582
1627080;42;46;676;654;-562;-539
1628078;248;287;354;292;-327;-278
1629080;502;556;-160;-237;19;70
1630078;671;702;-606;-664;301;331
1631080;677;658;-772;-778;377;372
1632103;517;462;-591;-537;221;182
1633076;259;208;-155;-68;-74;-128
1634076;10;-5;326;397;-356;-395
1635078;-115;-99;617;634;-486;-489
1636079;-52;-27;558;514;-397;-363
1637080;167;189;156;76;-123;-71
1638078;429;450;-391;-469;211;255
1639080;599;619;-801;-842;453;471
1640078;596;602;-859;-842;489;476
1641080;431;406;-540;-471;308;271
1642078;183;132;-8;82;8;-36
1643231;-35;-79;485;549;-256;-289
1644076;-122;-126;712;717;-354;-357
1645077;-30;10;565;510;-241;-209
1646079;209;266;105;19;24;75
1647078;490;526;-454;-528;313;356
1648080;672;672;-834;-865;485;496
1649078;658;631;-834;-806;453;427
1650080;448;414;-444;-368;219;172
1651078;153;121;143;236;-106;-152
1652080;-63;-85;637;700;-355;-380
1653078;-85;-85;788;786;-388;-378
1654093;89;120;523;451;-176;-134
1655078;359;410;-28;-133;171;230
1656075;589;630;-599;-679;484;528
1657077;675;676;-913;-926;605;609
1658077;575;534;-821;-765;476;434
1659080;318;263;-369;-278;158;94
1660079;10;-26;213;292;-188;-238
1661075;-198;-204;623;655;-397;-406
1662076;-192;-171;642;614;-372;-341
1663078;23;59;262;185;-134;-83
1664079;320;360;-310;-401;196;241
1665089;536;563;-778;-837;452;472
1666079;575;572;-908;-901;494;484
1667079;439;405;-638;-565;292;255
1668075;206;159;-95;5;-60;-113
1669076;-11;-42;460;534;-403;-449
1670078;-106;-102;749;758;-590;-607
1671078;-12;20;613;555;-552;-527
1672080;233;277;112;18;-311;-258
1673078;508;542;-499;-584;16;68
1674079;674;684;-914;-950;268;292
1675090;656;639;-936;-906;306;291
1676079;467;431;-562;-481;105;59
1677079;195;156;31;125;-236;-290
1678080;-36;-61;575;637;-539;-575
1679078;-117;-117;812;815;-638;-637
1680080;-3;23;621;565;-471;-430
1681078;252;296;95;3;-117;-53
1682080;522;563;-496;-580;249;302
1683078;670;683;-852;-885;453;467
1684080;620;597;-798;-759;418;385
1685090;396;347;-367;-273;180;123
1686079;106;59;229;327;-136;-183
1687079;-109;-128;696;745;-371;-385
1688080;-153;-137;794;769;-397;-378
1689078;-14;22;464;381;-190;-149
1690080;227;265;-132;-230;150;196
1691078;448;469;-699;-765;447;481
1692080;537;534;-957;-962;547;552
1693078;441;417;-789;-732;398;365
1694080;185;148;-285;-194;71;11
1695092;-120;-159;305;387;-283;-339
1696078;-324;-349;694;728;-506;-527
1697078;-317;-310;692;660;-499;-472
1698080;-102;-58;300;217;-267;-210
1699078;205;265;-292;-386;75;128
1700080;455;493;-806;-865;359;383
1701078;535;526;-998;-994;439;426
1702080;414;365;-772;-707;266;227
1703078;150;98;-222;-127;-76;-126
1704080;-119;-145;396;477;-418;-460
1705094;-250;-243;782;813;-585;-599
1706092;-167;-138;738;703;-490;-464
1707079;84;121;288;198;-180;-121
1708078;377;409;-326;-426;199;262
1709080;571;589;-774;-830;472;503
1710078;581;575;-815;-789;510;491
1711080;399;366;-417;-319;294;236
1712078;97;47;231;347;-71;-132
1713080;-191;-234;810;879;-404;-439
1714078;-322;-332;1027;1015;-544;-538
1715080;-218;-185;771;689;-424;-386
1716123;66;126;174;69;-107;-56
1717076;381;433;-454;-531;243;287
1718077;563;575;-810;-825;444;461
1719078;519;485;-741;-693;391;371
1720079;269;212;-308;-224;120;67
1721075;-56;-103;258;338;-224;-283
1722076;-289;-303;676;716;-474;-504
1723078;-322;-302;738;718;-508;-491
1724078;-166;-127;403;331;-302;-247
1725075;74;109;-184;-277;64;125
1726076;281;298;-761;-834;422;461
1727089;378;374;-1056;-1074;587;588
1728079;328;311;-926;-878;461;426
1729079;142;118;-429;-335;105;47
1730075;-107;-135;190;285;-299;-357
1731076;-305;-330;632;677;-549;-577
1732078;-344;-350;681;652;-522;-500
1733078;-197;-171;322;235;-234;-170
1734075;65;117;-253;-351;171;242
1735076;316;363;-744;-800;499;537
1736078;433;441;-884;-869;586;571
1737090;353;315;-581;-503;396;339
1738078;113;55;36;139;36;-26
1739078;-166;-206;679;760;-298;-334
1740079;-340;-342;1047;1069;-443;-437
1741078;-315;-285;968;923;-333;-293
1742080;-106;-65;482;389;-28;22
1743078;179;211;-180;-279;318;359
1744080;397;413;-701;-758;535;551
1745078;435;431;-825;-812;513;496
1746075;262;235;-489;-408;262;217
1747092;-54;-100;141;251;-94;-151
1748077;-367;-415;740;822;-386;-425
1749078;-515;-536;981;988;-462;-460
1750079;-411;-383;724;647;-274;-226
1751078;-99;-30;100;-21;89;158
1752080;261;328;-564;-663;439;490
1753078;477;499;-930;-950;595;598
1754080;433;393;-815;-747;483;436
1755078;146;73;-273;-159;156;89
1756075;-230;-290;432;532;-241;-291
1757092;-492;-506;949;988;-532;-548
1758077;-498;-465;1007;973;-580;-562
1759078;-247;-192;577;489;-365;-325
1760079;123;171;-112;-217;-5;43
1761078;427;451;-714;-788;308;348
1762080;530;525;-951;-956;430;439
1763078;402;372;-744;-675;317;286
1764080;114;70;-218;-115;31;-26
1765078;-205;-246;363;445;-299;-352
1766075;-418;-439;725;744;-521;-538
1767089;-430;-419;695;648;-520;-495
1768078;-244;-203;290;206;-293;-242
1769079;32;82;-288;-367;54;105
1770080;243;272;-752;-795;359;387
1771078;279;267;-867;-857;472;469
1772080;131;86;-569;-507;333;301
1773078;-116;-165;8;100;8;-42
1774080;-349;-373;597;680;-334;-383
1775078;-459;-450;928;957;-509;-529
1776075;-381;-352;854;811;-420;-392
1777075;-128;-94;425;331;-115;-50
1778090;189;221;-143;-236;241;306
1779079;416;441;-575;-616;462;485
1780079;441;444;-657;-628;432;396
1781080;259;228;-346;-268;170;100
1782078;-37;-93;198;284;-183;-240
1783080;-308;-357;696;749;-447;-461
1784078;-434;-441;886;885;-498;-471
1785075;-361;-321;669;614;-318;-273
1786076;-129;-71;149;61;11;50
1787078;141;179;-428;-509;345;372
1788092;312;311;-799;-833;537;550
1789078;294;264;-793;-762;498;491
1790079;87;50;-404;-322;243;207
1791075;-213;-243;197;291;-114;-173
1792076;-465;-486;724;786;-408;-459
1793078;-550;-557;910;908;-501;-507
1794078;-427;-410;655;587;-349;-300
1795075;-156;-112;89;-11;-26;47
1796076;139;191;-489;-573;311;361
1797078;326;353;-782;-800;488;486
1798091;319;300;-636;-576;404;357
1799080;113;58;-117;-11;89;29
1800075;-196;-253;520;616;-295;-339
1801076;-450;-474;952;987;-547;-560
1802078;-497;-479;946;904;-535;-516
1803079;-295;-246;494;398;-275;-230
1804079;57;111;-174;-278;103;158
1805078;368;403;-720;-780;425;467
1806080;474;473;-869;-856;539;544
1807078;326;288;-555;-475;392;352
1808080;16;-40;59;167;63;-2
1809078;-288;-333;670;750;-263;-315
1810093;-434;-440;970;981;-403;-408
1811079;-346;-309;810;748;-288;-241
1812078;-70;-12;278;175;9;77
1813080;247;293;-348;-439;338;384
1814078;435;444;-751;-783;542;543
1815080;393;363;-730;-688;519;484
1816079;152;101;-303;-210;276;231
1817080;-148;-192;315;411;-65;-101
1818078;-352;-367;828;880;-340;-361
1819080;-364;-345;993;980;-432;-434
1820090;-184;-143;733;664;-314;-293
1821078;96;138;164;72;-46;-4
1822079;346;371;-448;-524;247;293
1823080;460;460;-814;-842;422;446
1824078;407;385;-760;-726;383;364
1825080;221;189;-326;-241;143;87
1826079;-22;-51;267;363;-176;-236
1827080;-228;-247;733;789;-410;-436
1828078;-306;-309;847;832;-441;-418
1829080;-211;-194;550;470;-252;-197
1830089;11;47;-18;-118;62;114
1831078;246;285;-576;-646;345;368
1832079;374;391;-848;-853;453;443
1833080;340;321;-703;-645;331;299
1834078;167;122;-220;-131;39;-1
1835080;-68;-110;367;445;-284;-321
1836079;-259;-273;786;820;-477;-497
1837080;-299;-282;841;819;-437;-426
1838078;-143;-108;507;438;-178;-130
1839080;145;183;-53;-139;176;239
1840089;411;441;-554;-619;454;495
1841078;504;511;-737;-743;518;510
1842078;371;345;-501;-439;338;283
1843080;80;27;45;149;-2;-70
1844078;-226;-279;641;731;-342;-382
1845080;-407;-426;987;1013;-515;-511
1846079;-368;-339;894;841;-438;-400
1847080;-111;-51;387;282;-156;-108
1848078;247;304;-289;-392;178;215
1849080;526;550;-795;-844;389;403
1850079;578;560;-880;-852;369;355
1851089;375;328;-522;-434;136;95
1852076;28;-24;78;178;-184;-236
1853076;-279;-314;607;668;-432;-467
1854079;-395;-395;799;791;-484;-478
1855079;-274;-239;557;487;-307;-260
1856076;4;57;0;-97;25;88
1857076;293;334;-600;-677;366;410
1858079;450;457;-936;-957;543;547
1859079;414;385;-832;-786;454;418
1860075;217;173;-332;-238;138;81
1861076;-31;-66;310;408;-237;-289
1862093;-196;-204;766;817;-478;-499
1863080;-173;-154;803;776;-476;-456
1864079;38;76;414;320;-248;-196
1865075;327;368;-184;-293;92;148
1866076;532;557;-683;-743;394;425
1867078;553;546;-842;-821;520;515
1868076;395;355;-601;-519;406;371
1869077;138;88;-88;2;110;62
1870077;-104;-134;443;497;-209;-250
1871078;-225;-221;735;737;-387;-402
1872078;-153;-123;647;606;-341;-320
1873089;95;135;226;161;-100;-51
1874078;405;440;-315;-384;223;275
1875079;621;641;-719;-767;484;512
1876075;647;641;-804;-802;553;544
1877075;488;455;-537;-477;390;349
1878076;235;189;-43;48;75;23
1879076;8;-24;455;528;-224;-262
1880078;-88;-89;724;738;-357;-361
1881078;-6;25;632;581;-266;-233
1882080;222;267;218;132;-7;44
1883090;490;525;-319;-394;294;337
1884078;665;674;-721;-751;498;511
1885079;654;637;-793;-770;496;477
1886080;461;425;-501;-439;276;234
1887078;171;131;18;94;-61;-109
1888080;-83;-113;518;578;-351;-385
1889078;-185;-190;755;772;-454;-457
1890080;-77;-52;603;562;-337;-304
1891078;191;239;124;37;-68;-16
1892080;492;539;-453;-546;215;258
1893089;675;695;-844;-890;372;381
1894090;654;632;-846;-814;313;283
1895075;447;396;-443;-348;58;6
1896076;161;112;169;275;-264;-311
1897078;-63;-82;677;735;-484;-502
1898078;-114;-97;811;790;-483;-465
1899079;29;68;494;408;-261;-214
1900078;289;328;-110;-214;78;131
1901080;533;556;-692;-761;377;410
1902078;649;650;-963;-966;485;484
1903080;589;570;-794;-733;341;304
1904078;378;346;-272;-178;3;-54
1905106;106;70;349;432;-369;-421
1906075;-90;-115;764;799;-587;-607
1907075;-95;-91;770;740;-536;-511
1908077;119;159;364;281;-239;-178
1909077;447;508;-255;-354;155;220
1910078;702;747;-788;-853;455;488
1911078;736;729;-971;-968;509;492
1912080;528;467;-710;-638;286;228
1913078;191;115;-135;-29;-102;-168
1914080;-103;-141;458;542;-452;-492
1915078;-217;-197;763;778;-583;-578
1916093;-112;-57;622;561;-432;-387
1917078;141;187;112;8;-80;-18
1918079;406;420;-509;-600;300;349
1919075;559;548;-926;-958;525;538
1920076;545;530;-916;-875;481;455
1921078;387;376;-470;-378;188;133
1922078;162;145;190;290;-208;-267
1923075;-31;-58;734;795;-514;-548
1924076;-101;-122;894;885;-577;-568
1925078;-1;10;601;526;-365;-314
1926091;239;289;4;-101;20;88
1927079;512;571;-615;-698;393;442
1928079;688;714;-964;-983;568;573
1929075;677;648;-871;-819;461;420
1930076;472;410;-379;-283;130;65
1931078;164;112;269;363;-255;-310
1932078;-91;-105;752;800;-507;-524
1933075;-160;-139;830;808;-504;-478
1934076;-10;26;466;384;-252;-199
1935076;271;305;-152;-256;119;174
1936090;534;557;-713;-785;424;456
1937078;644;651;-926;-927;509;503
1938078;546;529;-679;-606;325;283
1939080;275;233;-93;17;-36;-97
1940078;-47;-99;542;631;-397;-447
1941080;-265;-298;910;932;-576;-588
1942078;-260;-248;823;768;-493;-458
1943080;-24;33;309;207;-196;-134
1944078;320;389;-387;-487;165;221
1945080;581;616;-930;-983;419;438
1946123;609;586;-1059;-1042;444;420
1947076;391;326;-728;-648;227;177
1948077;51;-12;-116;-13;-123;-174
1949078;-226;-250;463;538;-429;-459
1950078;-298;-274;721;729;-534;-532
1951080;-125;-76;527;462;-389;-355
1952078;207;254;-20;-125;-75;-22
1953080;540;568;-649;-740;252;299
1954078;719;726;-1040;-1069;439;455
1955080;671;656;-989;-942;406;381
1956094;423;387;-512;-414;169;117
1957090;88;40;165;267;-159;-210
1958075;-183;-222;725;783;-422;-446
1959075;-262;-266;911;900;-486;-474
1960077;-111;-71;653;581;-316;-276
1961077;183;246;100;4;7;57
1962078;454;499;-460;-532;326;365
1963078;555;552;-741;-755;482;491
1964080;445;396;-599;-546;398;372
1965078;185;126;-98;-3;118;65
1966075;-104;-135;514;604;-222;-276
1967075;-295;-290;932;972;-464;-489
1968088;-298;-274;943;910;-490;-473
1969075;-112;-87;534;445;-287;-238
1970075;167;191;-99;-201;47;103
1971077;402;426;-664;-729;347;380
1972077;489;504;-909;-907;455;451
1973078;400;388;-731;-669;309;270
1974078;182;139;-229;-139;-21;-77
1975080;-68;-118;344;419;-376;-423
1976079;-233;-256;706;732;-585;-601
1977080;-225;-203;681;648;-550;-526
1978090;-37;15;296;218;-287;-234
1979078;237;286;-253;-339;77;134
1980079;459;476;-702;-753;372;404
1981080;516;497;-827;-817;458;450
1982079;380;343;-552;-484;299;256
1983075;121;86;9;104;-19;-74
1984076;-132;-154;589;666;-334;-374
1985078;-259;-265;900;920;-475;-479
1986079;-195;-181;774;725;-347;-312
1987075;35;69;261;162;4;65
1988092;325;370;-388;-488;412;472
1989078;530;562;-846;-895;672;700
1990079;537;531;-878;-848;659;636
1991075;326;278;-465;-368;387;324
1992076;-11;-77;194;305;-10;-78
1993078;-317;-361;777;845;-351;-387
1994078;-437;-432;994;986;-475;-464
1995075;-305;-256;737;660;-315;-268
1996076;8;69;140;35;50;109
1997078;331;370;-486;-567;433;478
1998091;485;484;-826;-844;635;647
1999079;395;358;-715;-662;557;529
2000078;117;66;-215;-117;245;187
2001079;-218;-259;428;522;-145;-206
2002078;-476;-494;903;949;-430;-462
2003079;-552;-545;972;947;-473;-457
2004078;-409;-382;580;496;-250;-195
2005080;-106;-64;-107;-215;131;197
2006079;203;245;-772;-855;484;526
2007080;349;369;-1090;-1108;631;630
2008078;254;232;-903;-842;500;458
2009091;-24;-85;-301;-187;155;95
2010078;-343;-405;420;531;-231;-282
2011079;-541;-562;916;965;-475;-493
2012080;-517;-481;954;914;-459;-436
2013078;-279;-214;526;422;-194;-141
2014080;47;99;-140;-250;181;239
2015078;286;297;-695;-753;470;504
2016075;312;284;-840;-819;523;512
2017075;121;78;-500;-412;316;265
2018077;-171;-208;138;246;-36;-101
2019192;-419;-438;739;814;-356;-397
2020075;-513;-511;1000;1004;-487;-483
2021076;-418;-398;799;731;-364;-320
2022077;-171;-136;232;128;-42;15
2023077;135;176;-437;-528;316;359
2024079;372;403;-902;-938;521;532
2025078;413;414;-946;-915;458;432
2026075;219;180;-555;-473;155;101
2027075;-113;-177;76;172;-240;-299
2028076;-404;-455;646;713;-541;-577
2029117;-497;-497;883;890;-618;-610
2030075;-347;-293;675;614;-441;-394
2031076;-33;37;117;16;-93;-31
2032077;287;330;-514;-606;261;306
2033077;460;453;-898;-933;445;451
2034079;400;358;-832;-787;359;324
2035078;135;88;-344;-239;45;-11
2036075;-206;-237;322;431;-331;-385
2037075;-463;-477;836;890;-580;-603
2038076;-521;-520;940;913;-582;-562
2039191;-359;-338;582;491;-342;-288
2040079;-54;-10;-57;-163;26;85
2041079;245;295;-656;-725;354;390
2042080;380;403;-913;-913;487;484
2043078;272;243;-697;-631;360;321
2044080;-20;-91;-117;-16;25;-29
2045078;-338;-403;537;626;-356;-406
2046075;-510;-522;943;978;-604;-626
2047075;-449;-400;897;858;-594;-577
2048077;-181;-109;421;323;-332;-280
2049114;169;215;-254;-362;51;114
2050080;432;434;-800;-862;367;408
2051079;476;450;-946;-930;462;457
2052075;285;252;-618;-532;296;246
2053076;-30;-61;18;130;-45;-110
2054078;-302;-329;640;719;-390;-434
2055078;-397;-410;929;936;-563;-565
2056076;-282;-264;743;675;-473;-434
2057076;-8;40;183;77;-166;-109
2058079;305;363;-472;-563;198;245
2059189;514;543;-913;-946;440;459
2060079;501;478;-928;-890;454;436
2061079;248;185;-497;-409;247;202
2062075;-122;-188;192;292;-75;-125
2063076;-413;-443;821;893;-354;-386
2064078;-475;-455;1094;1105;-439;-437
2065078;-295;-241;896;837;-272;-234
2066079;20;74;353;250;72;132
2067078;318;343;-252;-346;422;473
2068095;460;454;-626;-658;594;608
2069188;388;361;-592;-544;502;466
2070079;141;107;-166;-68;194;128
2071079;-155;-188;442;535;-178;-237
2072080;-358;-380;922;965;-432;-451
2073078;-369;-366;1007;982;-439;-411
2074080;-176;-142;623;542;-203;-147
2075078;138;193;-62;-166;149;202
2076075;435;482;-726;-809;441;466
2077075;571;580;-1055;-1078;532;522
2078076;471;434;-917;-863;379;343
2079076;176;113;-409;-304;47;-1
2080088;-169;-221;207;306;-324;-369
2081075;-394;-407;641;679;-561;-585
2082075;-384;-355;682;642;-544;-532
2083077;-144;-93;299;209;-277;-226
2084077;200;248;-321;-415;104;171
2085078;469;494;-856;-911;409;454
2086079;521;512;-1013;-1005;490;482
2087080;336;296;-699;-629;317;260
2088078;18;-34;-64;40;-21;-90
2089094;-278;-317;590;681;-362;-403
2090088;-423;-428;963;994;-533;-527
2091075;-351;-320;884;834;-435;-394
2092075;-84;-33;396;291;-101;-48
2093077;266;313;-247;-350;306;353
2094077;529;552;-716;-761;586;611
2095078;567;558;-771;-736;605;597
2096079;365;323;-393;-300;364;319
2097080;32;-23;218;318;-19;-84
2098078;-259;-300;757;814;-365;-417
2099080;-371;-373;955;944;-514;-520
2100091;-254;-214;709;641;-393;-348
2101079;32;91;132;39;-59;10
2102078;343;386;-492;-571;317;371
2103080;518;524;-853;-882;540;550
2104078;473;441;-770;-731;489;453
2105080;241;194;-293;-199;192;132
2106079;-44;-83;332;436;-193;-246
2107080;-238;-251;798;852;-461;-483
2108078;-248;-232;871;845;-478;-459
2109080;-68;-33;510;417;-244;-194
2110090;227;267;-113;-221;122;180
2111078;514;546;-693;-758;454;492
2112079;658;668;-942;-936;603;604
2113075;578;559;-750;-683;503;469
2114076;309;262;-228;-136;204;151
2115078;-15;-69;368;442;-153;-200
2116079;-230;-259;763;790;-394;-416
2117075;-229;-212;775;747;-401;-385
2118076;-15;41;392;320;-170;-123
2119078;307;367;-206;-294;174;232
2120089;578;606;-733;-800;447;483
2121079;662;646;-935;-944;496;488
2122079;521;475;-719;-659;293;241
2123075;224;178;-193;-91;-60;-127
2124076;-87;-116;391;480;-400;-444
2125078;-277;-283;752;778;-575;-574
2126079;-267;-254;700;651;-510;-472
2127075;-68;-39;250;154;-238;-188
2128076;222;262;-369;-462;107;147
2129078;462;497;-832;-876;365;383
2130089;528;535;-897;-871;419;412
2131075;381;347;-530;-447;258;228
2132080;94;34;86;185;-28;-72
2133079;-181;-230;651;720;-304;-344
2134078;-297;-300;890;893;-439;-452
2135080;-186;-141;678;615;-356;-331
2136079;97;162;122;21;-73;-18
2137080;422;464;-491;-579;281;339
2138078;631;633;-849;-877;527;554
2139080;621;591;-777;-729;525;505
2140092;392;352;-321;-222;274;216
2141077;66;30;286;382;-90;-154
2142078;-174;-197;744;786;-380;-413
2143079;-204;-203;825;796;-456;-439
2144078;-25;8;497;416;-290;-239
2145080;258;311;-76;-166;26;81
2146079;515;557;-611;-670;332;362
2147080;640;644;-852;-855;469;466
2148078;573;538;-686;-635;366;335
2149080;329;278;-197;-113;74;29
2150092;23;-15;369;448;-266;-309
2151079;-177;-189;729;765;-498;-522
2152078;-165;-146;711;681;-516;-507
2153080;33;72;324;240;-304;-262
2154078;295;335;-251;-347;53;112
2155080;499;520;-758;-816;390;437
2156079;575;569;-956;-950;529;537
2157080;499;472;-740;-676;390;350
2158078;285;253;-205;-115;49;-19
2159080;18;-9;383;458;-307;-364
2160089;-167;-185;726;752;-493;-503
2161078;-163;-160;652;614;-419;-376
2162079;38;69;201;113;-127;-60
2163080;332;385;-403;-500;236;287
2164078;576;619;-871;-925;494;505
2165080;656;659;-976;-957;523;498
2166079;538;494;-658;-576;315;273
2167080;274;214;-64;36;-26;-68
2168078;2;-35;519;590;-343;-374
2169080;-120;-114;805;813;-491;-502
2170093;-11;29;645;588;-404;-385
2171077;270;321;117;22;-118;-70
2172078;556;591;-514;-603;229;286
2173079;677;677;-929;-969;458;492
2174078;563;529;-917;-884;445;428
2175080;274;222;-477;-384;194;131
2176079;-51;-96;183;291;-164;-234
2177080;-266;-283;750;817;-446;-479
2178079;-277;-259;943;936;-507;-483
2179075;-84;-42;660;581;-313;-253
2180088;216;262;37;-72;34;91
2181079;479;507;-607;-693;351;378
2182079;575;574;-942;-960;475;465
2183075;457;427;-800;-740;352;317
2184076;177;130;-255;-147;49;6
2185078;-143;-186;418;518;-287;-326
2186079;-363;-382;885;927;-508;-528
2187075;-377;-364;909;872;-509;-501
2188076;-172;-130;473;377;-280;-240
2189078;161;213;-206;-314;86;146
2190090;465;504;-797;-863;422;472
2191079;589;593;-1015;-1010;556;564
2192079;456;421;-770;-698;412;369
2193075;115;53;-198;-95;64;-8
2194076;-271;-329;408;488;-304;-363
2195077;-497;-519;742;761;-499;-508
2196079;-431;-401;646;595;-426;-381
2197079;-112;-42;186;92;-132;-65
2198078;282;351;-394;-481;229;279
2199079;557;584;-809;-845;485;494
2200089;605;576;-861;-831;514;489
2201078;430;372;-523;-446;307;266
2202079;129;82;59;146;-37;-77
2203080;-148;-163;624;686;-352;-383
2204078;-260;-248;905;917;-482;-493
2205080;-151;-127;757;714;-361;-339
2206079;115;145;253;167;-48;5
2207080;401;434;-350;-443;303;365
2208078;578;601;-751;-800;523;554
2209080;573;570;-754;-725;503;478
2210088;384;347;-372;-277;249;181
2211078;82;26;195;301;-121;-188
2212079;-186;-229;673;726;-432;-459
2213080;-278;-278;826;801;-538;-518
2214078;-139;-94;562;482;-399;-353
2215080;144;206;-7;-97;-95;-51
2216079;412;451;-610;-673;214;240
2217080;530;522;-938;-955;374;379
2218078;439;396;-817;-781;301;284
2219080;181;133;-310;-227;30;-8
2220092;-116;-145;327;426;-301;-352
2221077;-289;-292;783;845;-529;-564
2222078;-236;-217;846;828;-535;-528
2223079;9;46;487;394;-313;-259
2224078;315;358;-122;-238;37;107
2225080;534;564;-698;-770;354;397
2226079;581;578;-964;-956;486;477
2227080;440;402;-783;-710;369;319
2228078;159;107;-238;-143;61;4
2229080;-152;-192;401;475;-278;-314
2230303;-346;-356;808;835;-474;-470
2231005;-360;-289;773;743;-425;-401
2232077;-54;-9;321;241;-164;-123
2233077;287;338;-308;-408;174;220
2234079;531;561;-801;-868;433;464
2235078;556;547;-915;-906;495;493
2236075;365;317;-592;-505;332;294
2237075;56;-3;15;132;16;-41
2238076;-226;-261;612;692;-305;-352
2239076;-349;-343;899;899;-475;-484
2240078;-251;-211;726;653;-403;-370
2241090;21;68;181;78;-124;-66
2242075;321;355;-454;-535;218;269
2243076;489;496;-863;-888;445;462
2244078;439;419;-852;-815;432;408
2245078;201;160;-436;-355;181;129
2246075;-111;-157;179;269;-185;-241
2247076;-362;-392;703;763;-495;-527
2248078;-445;-443;890;892;-601;-597
2249079;-326;-293;656;595;-457;-418
2250075;-69;-22;114;17;-132;-77
2251076;197;234;-475;-560;223;269
2252091;348;356;-836;-864;442;459
2253077;312;288;-800;-757;419;398
2254078;95;54;-389;-300;160;109
2255075;-210;-251;188;277;-206;-263
2256076;-461;-486;640;684;-480;-515
2257078;-519;-517;733;712;-504;-493
2258079;-344;-310;420;346;-253;-196
2259075;-23;30;-139;-230;150;224
2260076;274;321;-670;-735;512;560
2261078;408;418;-913;-920;663;659
2262090;325;289;-745;-691;536;485
2263078;74;15;-229;-137;194;129
2264078;-220;-265;412;501;-198;-244
2265079;-411;-418;886;932;-449;-460
2266079;-405;-376;960;941;-443;-420
2267080;-212;-170;590;511;-197;-153
2268078;60;93;-37;-142;154;202
2269080;282;296;-596;-673;430;462
2270078;359;355;-792;-795;494;492
2271080;260;242;-520;-441;312;271
2272091;25;-5;86;205;-35;-97
2273078;-236;-272;729;822;-384;-436
2274079;-382;-405;1087;1102;-558;-569
2275076;-319;-307;964;898;-451;-413
2276078;-67;-16;403;293;-103;-34
2277079;245;308;-325;-425;311;375
2278080;459;491;-861;-908;576;599
2279078;464;440;-944;-918;548;518
2280080;254;190;-556;-470;238;170
2281078;-73;-133;78;183;-201;-270
2282090;-357;-378;625;695;-550;-585
2283078;-456;-436;807;803;-633;-618
2284078;-328;-288;524;444;-407;-351
2285080;-37;0;-99;-213;9;78
2286079;276;302;-759;-849;402;451
2287080;461;474;-1118;-1137;573;577
2288078;417;410;-980;-919;442;399
2289080;158;121;-401;-290;85;18
2290078;-189;-248;341;449;-307;-364
2291080;-451;-498;895;949;-543;-559
2292090;-496;-495;1003;978;-518;-487
2293078;-305;-247;625;534;-256;-197
2294078;27;104;-41;-152;116;170
2295080;334;378;-653;-729;426;452
2296079;455;439;-900;-902;525;516
2297080;322;265;-658;-585;354;317
2298078;13;-43;-52;60;-11;-64
2299080;-299;-326;611;704;-399;-449
2300078;-450;-442;991;1017;-620;-645
2301080;-370;-340;891;835;-566;-545
2302090;-114;-78;359;251;-251;-189
2303078;184;217;-333;-438;185;260
2304079;397;417;-846;-895;541;587
2305080;437;436;-937;-907;638;627
2306079;285;258;-572;-482;418;356
2307080;2;-44;68;171;-6;-84
2308078;-278;-322;670;738;-409;-460
2309075;-411;-424;937;941;-579;-577
2310076;-318;-287;734;673;-442;-392
2311077;-38;21;161;62;-83;-14
2312079;295;350;-502;-595;315;365
2313092;529;548;-943;-985;563;573
2314078;555;530;-959;-927;543;514
2315079;358;309;-544;-452;267;216
2316075;36;-9;106;212;-124;-177
2317076;-245;-269;677;745;-437;-470
2318078;-349;-346;886;881;-524;-522
2319079;-239;-211;624;550;-351;-311
2320075;20;61;19;-87;-9;51
2321076;300;337;-629;-716;331;381
2322078;457;473;-999;-1024;488;498
2323165;399;381;-904;-853;365;325
2324075;137;87;-389;-287;14;-55
2325077;-198;-256;289;392;-385;-447
2326079;-427;-458;794;846;-632;-650
2327079;-418;-398;883;858;-606;-572
2328079;-173;-112;517;427;-318;-253
2329078;179;245;-120;-227;102;163
2330079;469;500;-710;-781;469;500
2331078;572;554;-953;-953;615;610
2332080;455;409;-718;-649;475;440
2333078;176;132;-112;-5;129;77
2334091;-137;-161;567;660;-241;-291
2335078;-327;-332;978;1012;-447;-470
2336079;-283;-272;910;864;-389;-367
2337080;-22;9;390;284;-96;-34
2338078;315;366;-318;-432;285;353
2339080;557;600;-850;-911;553;586
2340078;587;588;-927;-899;556;531
2341080;394;342;-503;-399;275;206
2342078;59;-15;214;339;-150;-223
2343080;-270;-318;871;950;-506;-543
2344078;-432;-426;1147;1142;-620;-605
2345088;-334;-284;912;831;-450;-396
2346079;-19;39;288;175;-85;-25
2347078;344;383;-414;-503;298;338
2348080;559;565;-850;-878;526;534
2349078;518;495;-815;-772;489;468
2350080;260;216;-352;-260;210;165
2351078;-70;-118;279;376;-163;-217
2352080;-312;-341;753;805;-432;-469
2353078;-359;-352;841;820;-452;-446
2354080;-195;-154;509;424;-214;-159
2355090;98;152;-95;-198;160;235
2356079;374;411;-706;-777;491;539
2357079;495;495;-1038;-1049;617;609
2358080;401;366;-915;-865;476;420
2359078;144;94;-387;-297;132;66
2360080;-138;-175;273;366;-246;-287
2361078;-288;-294;728;781;-474;-477
2362080;-221;-194;763;741;-450;-423
2363078;24;71;387;296;-202;-161
2364080;315;358;-205;-315;133;175
2365094;506;523;-741;-806;399;427
2366090;520;503;-972;-961;481;483
2367075;364;324;-773;-701;339;310
2368075;95;55;-210;-117;27;-25
2369077;-181;-206;462;538;-311;-363
2370077;-334;-340;908;944;-492;-513
2371078;-272;-258;896;874;-403;-373
2372078;-8;28;429;348;-80;-11
2373080;334;385;-251;-364;310;379
2374078;586;626;-805;-888;583;609
2375075;632;632;-959;-956;612;583
2376093;462;414;-636;-540;384;321
2377088;159;92;7;140;-3;-61
2378076;-132;-174;650;740;-364;-393
2379076;-266;-259;961;958;-513;-509
2380079;-171;-126;781;697;-374;-342
2381079;98;149;205;94;-29;21
2382075;393;424;-468;-549;338;389
2383076;557;557;-899;-919;547;573
2384078;515;492;-873;-833;498;477
2385078;295;261;-410;-328;206;143
2386075;-3;-39;255;347;-200;-272
2387090;-248;-275;796;861;-525;-565
2388079;-318;-322;957;959;-598;-582
2389079;-162;-134;662;591;-377;-316
2390075;152;206;43;-70;17;88
2391076;468;522;-611;-709;384;426
2392078;626;644;-982;-1008;549;544
2393078;549;515;-877;-817;450;408
2394079;283;216;-345;-232;143;90
2395078;-34;-89;343;448;-225;-266
2396079;-245;-254;841;884;-480;-497
2397089;-244;-209;890;853;-489;-477
2398078;-26;24;463;367;-243;-202
2399079;313;353;-220;-327;130;187
2400080;619;638;-811;-877;434;481
2401078;747;748;-1016;-1011;513;517
2402080;636;619;-750;-675;329;279
2403078;341;302;-153;-46;-25;-101
2404080;5;-46;485;570;-373;-427
2405078;-208;-244;858;881;-533;-531
2406075;-196;-185;777;727;-415;-362
2407091;34;93;267;169;-78;-9
2408078;360;431;-431;-533;306;352
2409079;603;636;-982;-1041;550;556
2410080;634;607;-1120;-1107;543;516
2411078;441;376;-780;-698;302;259
2412080;120;64;-123;-11;-49;-92
2413078;-175;-192;531;619;-347;-377
2414080;-308;-291;860;878;-461;-467
2415078;-215;-186;700;637;-346;-321
2416075;61;89;137;25;-61;-11
2417092;384;414;-528;-630;255;306
2418077;599;626;-947;-982;441;463
2419077;609;614;-896;-845;395;370
2420079;415;382;-392;-282;130;69
2421078;103;41;327;437;-231;-293
2422080;-188;-241;914;973;-516;-544
2423078;-313;-320;1088;1069;-578;-559
2424080;-198;-150;768;686;-374;-323
2425078;104;174;119;13;3;61
2426075;433;480;-540;-622;375;415
2427162;619;618;-897;-918;559;567
2428079;583;544;-795;-745;476;448
2429079;365;318;-305;-208;179;125
2430080;86;58;313;408;-182;-236
2431078;-111;-115;750;794;-433;-460
2432080;-123;-110;797;766;-456;-440
2433078;60;84;439;352;-245;-194
2434080;344;379;-143;-239;86;144
2435078;578;613;-660;-716;363;396
2436075;640;651;-846;-838;432;420
2437092;493;462;-599;-533;240;191
2438088;199;137;-41;52;-133;-195
2439075;-115;-171;547;624;-518;-565
2440076;-305;-319;878;902;-739;-750
2441078;-271;-235;797;754;-694;-667
2442079;-18;41;339;248;-404;-351
2443075;323;372;-293;-388;-6;50
2444076;572;587;-806;-860;311;347
2445078;603;583;-948;-936;399;395
2446079;411;369;-643;-569;220;176
2447075;101;58;-36;65;-118;-181
2448076;-174;-203;569;650;-430;-476
2449090;-295;-299;874;892;-552;-552
2450079;-213;-189;727;670;-424;-378
2451079;38;80;200;95;-108;-44
2452075;344;388;-452;-550;242;287
2453076;555;579;-919;-961;450;456
2454078;556;544;-973;-940;408;377
2455078;340;294;-586;-498;140;91
2456076;28;-28;53;154;-211;-258
2457076;-209;-242;628;693;-472;-497
2458079;-252;-239;845;845;-516;-507
2459089;-88;-37;603;536;-319;-278
2460078;198;253;42;-59;29;86
2461078;471;497;-546;-631;367;413
2462079;601;591;-872;-893;536;547
2463078;524;492;-769;-715;465;434
2464080;269;233;-274;-173;195;138
2465078;-44;-75;384;481;-143;-194
2466075;-270;-291;883;930;-386;-406
2467075;-297;-299;960;936;-406;-386
2468076;-111;-82;565;480;-183;-136
2469091;192;246;-105;-213;167;220
2470077;457;506;-717;-796;457;491
2471077;550;557;-969;-976;538;534
2472078;427;382;-743;-672;376;334
2473078;150;83;-162;-49;54;-4
2474080;-145;-190;480;575;-275;-320
2475078;-312;-309;863;887;-454;-462
2476080;-256;-215;788;732;-389;-357
2477079;0;47;288;184;-111;-57
2478080;316;349;-386;-484;232;281
2479150;524;534;-901;-948;467;487
2480076;524;511;-1006;-982;481;463
2481076;331;299;-662;-582;278;232
2482078;43;2;-51;46;-39;-90
2483078;-220;-254;529;600;-322;-352
2484080;-356;-366;813;823;-430;-428
2485078;-299;-278;679;626;-304;-271
2486075;-57;-12;206;116;4;54
2487075;269;318;-368;-450;341;387
2488076;519;549;-762;-796;528;547
2489091;564;556;-783;-753;467;444
2490088;386;342;-426;-348;193;136
2491075;84;27;128;217;-155;-215
2492075;-190;-226;614;669;-413;-441
2493077;-312;-309;792;789;-462;-443
2494077;-225;-188;571;510;-276;-224
2495078;37;85;43;-47;66;120
2496079;352;388;-544;-622;402;434
2497080;550;562;-899;-929;562;563
2498078;518;502;-835;-798;464;437
2499080;270;228;-374;-283;161;113
2500078;-62;-114;254;355;-192;-243
2501090;-306;-341;731;788;-420;-448
2502078;-340;-333;821;801;-418;-403
2503079;-151;-101;497;408;-203;-151
2504080;165;229;-63;-167;111;171
2505078;453;491;-576;-636;378;409
2506075;566;557;-784;-771;471;458
2507076;443;397;-577;-506;341;297
2508078;139;85;-55;32;44;-3
2509079;-195;-231;516;582;-279;-311
2510075;-386;-393;845;864;-471;-479
2511092;-337;-314;763;727;-435;-419
2512078;-84;-42;308;228;-186;-148
2513079;223;268;-297;-390;154;204
2514075;422;446;-763;-821;410;448
2515076;422;409;-861;-850;435;433
2516078;243;197;-546;-466;198;147
2517079;-18;-69;20;126;-185;-262
2518075;-246;-269;553;625;-524;-578
2519076;-335;-323;789;787;-651;-646
2520078;-240;-206;619;549;-517;-458
2521078;-1;34;134;40;-205;-136
2522088;265;289;-413;-481;126;162
2523079;425;435;-749;-763;323;314
2524079;406;398;-721;-682;301;267
2525079;226;198;-369;-301;80;47
2526078;-24;-64;118;184;-225;-250
2527079;-228;-259;508;545;-463;-482
2528078;-287;-288;616;610;-511;-519
2529080;-167;-133;380;330;-341;-322
2530078;69;120;-110;-188;-24;27
2531080;289;324;-634;-707;299;360
2532089;366;362;-934;-965;481;509
2533078;258;218;-860;-826;429;398
2534079;18;-29;-442;-354;159;88
2535080;-236;-265;120;216;-193;-258
2536079;-391;-390;556;606;-449;-467
2537080;-368;-346;647;623;-476;-442
2538078;-168;-137;343;261;-259;-202
2539080;117;149;-197;-290;94;141
2540078;351;377;-689;-745;405;425
2541080;422;430;-869;-862;510;504
2542096;303;281;-634;-569;354;327
2543089;54;7;-87;4;30;-14
2544075;-209;-256;521;599;-282;-329
2545075;-364;-379;912;943;-425;-445
2546077;-327;-301;907;877;-338;-310
2547077;-108;-55;518;439;-65;-1
2548079;188;235;-64;-156;274;335
2549078;413;429;-558;-618;533;555
2550080;455;437;-720;-716;585;561
2551078;298;260;-473;-404;390;340
2552080;20;-18;57;155;30;-18
2553078;-245;-271;589;664;-316;-348
2554091;-374;-380;831;840;-472;-478
2555077;-308;-291;634;570;-359;-335
2556078;-81;-44;81;-24;-37;13
2557079;200;242;-557;-649;331;389
2558078;415;442;-968;-1000;568;600
2559080;482;477;-951;-908;560;541
2560078;377;345;-515;-421;314;251
2561080;148;106;133;230;-46;-115
2562078;-86;-116;685;741;-338;-371
2563080;-185;-187;873;865;-416;-395
2564092;-69;-40;618;551;-249;-195
2565077;209;258;72;-22;63;116
2566079;494;539;-468;-543;356;381
2567080;634;647;-723;-737;473;464
2568078;569;539;-571;-514;351;319
2569080;340;285;-100;-3;48;6
2570078;66;21;449;532;-289;-329
2571080;-108;-116;803;826;-506;-529
2572079;-88;-59;770;726;-505;-497
2573075;117;163;346;260;-288;-245
2574092;400;438;-280;-369;51;110
2575077;622;637;-816;-870;356;400
2576079;685;676;-1003;-1001;475;477
2577075;561;536;-762;-703;340;297
2578076;292;258;-234;-142;7;-56
2579078;-13;-50;305;384;-358;-409
2580078;-212;-237;589;611;-570;-581
2581075;-198;-193;482;431;-513;-481
2582076;15;57;42;-53;-217;-159
2583078;303;362;-508;-594;160;215
2584091;505;540;-894;-924;422;447
2585079;522;505;-911;-873;439;420
2586080;356;297;-541;-459;208;155
2587075;91;36;38;123;-154;-213
2588076;-145;-162;550;602;-466;-502
2589078;-242;-220;759;759;-572;-566
2590077;-150;-114;585;535;-416;-373
2591078;82;108;126;48;-83;-25
2592078;331;346;-388;-460;258;302
2593079;469;477;-708;-737;447;456
2594078;423;421;-663;-632;405;377
2595093;209;184;-257;-177;157;108
2596078;-76;-124;323;417;-179;-225
2597078;-292;-336;794;851;-440;-464
2598080;-323;-326;911;900;-490;-481
2599078;-152;-102;604;527;-298;-259
2600080;127;197;16;-88;30;84
2601078;374;413;-569;-647;322;364
2602080;472;454;-870;-881;431;435
2603078;376;322;-741;-683;312;273
2604080;125;79;-247;-152;31;-28
2605078;-171;-188;366;451;-272;-316
2606091;-369;-365;791;827;-455;-460
2607079;-355;-345;811;781;-429;-398
2608079;-130;-113;416;335;-207;-162
2609080;185;222;-189;-285;109;147
2610078;440;486;-700;-763;372;392
2611080;521;542;-863;-859;460;459
2612078;401;370;-605;-533;334;311
2613080;131;61;-57;44;52;11
2614078;-171;-231;507;584;-254;-300
2615080;-352;-361;806;817;-440;-465
2616091;-307;-262;683;626;-401;-385
2617075;-62;0;196;102;-147;-92
2618075;234;273;-404;-488;201;266
2619077;421;419;-805;-839;470;504
2620077;419;389;-800;-767;521;503
2621078;249;216;-396;-311;329;272
2622078;-1;-22;197;292;-12;-72
2623080;-214;-226;689;746;-329;-361
2624078;-281;-285;853;842;-452;-444
2625080;-158;-147;626;556;-309;-269
2626091;95;131;131;42;23;75
2627075;352;400;-384;-447;367;410
2628075;484;510;-662;-671;546;560
2629077;425;403;-559;-514;481;456
2630077;187;126;-128;-50;217;163
2631078;-132;-194;414;490;-114;-168
2632078;-379;-401;803;842;-358;-383
2633080;-413;-386;858;840;-403;-386
2634078;-209;-154;559;490;-228;-182
2635080;111;160;44;-41;77;126
2636091;371;391;-446;-507;358;387
2637079;458;446;-678;-685;470;467
2638079;367;336;-539;-489;355;323
2639075;158;128;-96;-14;74;28
2640076;-80;-100;436;510;-227;-268
2641078;-247;-257;800;832;-401;-416
2642078;-256;-255;809;783;-362;-342
2643075;-86;-65;440;365;-127;-79
2644076;186;227;-144;-234;193;245
2645078;423;466;-666;-730;450;478
2646091;516;530;-876;-881;515;505
2647079;429;398;-682;-623;348;305
2648079;204;146;-190;-95;24;-29
2649075;-50;-95;358;437;-295;-335
2650076;-195;-198;687;709;-453;-460
2651077;-135;-97;622;576;-375;-346
2652079;111;163;188;99;-108;-56
2653075;408;445;-386;-473;210;258
2654076;590;597;-792;-832;420;438
2655077;572;551;-800;-770;415;394
2656091;372;335;-384;-296;197;148
2657078;82;44;263;368;-123;-174
2658078;-175;-201;829;899;-386;-414
2659079;-279;-284;1036;1033;-467;-459
2660078;-167;-145;786;712;-335;-297
2661080;106;151;216;110;-56;-8
2662078;385;433;-384;-466;230;265
2663080;508;525;-722;-738;376;383
2664078;410;379;-639;-585;301;276
2665080;158;94;-189;-98;42;-3
2666133;-114;-166;387;469;-263;-310
2667076;-275;-279;786;818;-461;-482
2668076;-244;-203;794;763;-454;-436
2669077;-24;28;407;327;-245;-196
2670078;281;314;-181;-274;71;124
2671079;523;529;-700;-760;343;372
2672078;590;580;-919;-919;430;422
2673080;472;454;-756;-699;284;245
2674078;240;215;-308;-225;-14;-65
2675080;-9;-39;192;259;-313;-350
2676079;-185;-210;490;509;-465;-471
2677092;-210;-211;430;392;-406;-379
2678079;-54;-23;39;-36;-174;-128
2679078;218;270;-483;-562;120;162
2680080;467;510;-870;-912;341;360
2681078;557;560;-917;-898;386;375
2682080;441;399;-590;-516;237;203
2683078;179;120;-26;67;-25;-67
2684079;-95;-134;528;597;-268;-297
2685080;-243;-240;830;843;-363;-366
2686079;-182;-146;747;701;-256;-228
2687080;60;104;326;246;11;59
2688090;361;393;-213;-289;318;363
2689075;566;578;-588;-624;518;537
2690075;583;573;-602;-578;515;497
2691077;420;391;-250;-175;312;266
2692077;170;132;286;377;8;-40
2693078;-41;-71;742;800;-245;-273
2694078;-112;-115;889;881;-319;-311
2695080;-3;25;650;580;-171;-133
2696079;239;286;131;38;114;163
2697080;494;534;-419;-489;381;416
2698088;624;632;-732;-747;484;485
2699075;554;525;-649;-605;365;331
2700075;325;276;-224;-143;77;24
2701077;58;18;303;381;-242;-287
2702077;-117;-127;644;678;-438;-451
2703080;-126;-104;620;588;-411;-387
2704079;29;65;242;158;-181;-133
2705075;271;302;-310;-403;125;172
2706076;474;490;-785;-837;357;380
2707078;528;524;-950;-938;408;395
2708089;391;368;-712;-646;253;214
2709079;123;84;-180;-92;-32;-77
2710079;-151;-192;374;443;-311;-342
2711075;-301;-320;663;683;-448;-453
2712076;-246;-227;556;512;-381;-358
2713078;-7;45;136;49;-146;-104
2714078;297;352;-359;-441;143;185
2715075;516;540;-681;-710;345;366
2716076;556;535;-679;-640;354;342
2717078;421;374;-361;-281;160;117
2718091;196;156;118;191;-139;-191
2719079;-4;-14;524;556;-392;-425
2720079;-84;-69;650;635;-474;-469
2721079;-1;21;427;377;-350;-311
2722078;202;223;-41;-108;-88;-38
2723079;417;436;-530;-590;178;211
2724078;522;536;-805;-833;316;317
2725080;451;445;-740;-715;256;228
2726079;226;191;-372;-298;27;-13
2727080;-43;-95;122;208;-264;-300
2728092;-231;-266;507;555;-481;-500
2729077;-254;-242;592;574;-515;-509
2730078;-107;-55;330;256;-339;-307
2731079;134;188;-160;-246;-28;20
2732078;353;372;-639;-693;274;318
2733080;443;423;-865;-864;426;440
2734078;363;328;-718;-668;360;333
2735080;162;136;-269;-193;122;67
2736079;-50;-60;250;319;-165;-214
2737080;-161;-162;571;601;-359;-372
2738091;-114;-109;534;507;-363;-337
2739078;62;81;168;92;-173;-128
2740079;282;316;-334;-420;112;151
2741080;443;473;-721;-768;343;360
2742078;476;479;-801;-780;389;380
2743080;365;332;-523;-447;219;187
2744078;152;104;-12;75;-78;-123
2745080;-60;-93;484;540;-351;-389
2746079;-153;-149;726;728;-462;-472
2747080;-57;-22;600;552;-365;-335
2748154;187;233;175;102;-111;-57
2749080;458;490;-338;-405;173;219
2750079;620;626;-694;-727;358;369
2751080;598;579;-727;-709;359;333
2752078;397;362;-421;-358;176;133
2753080;100;62;79;160;-101;-138
2754078;-156;-185;534;594;-335;-351
2755080;-254;-260;715;720;-412;-407
2756079;-156;-132;520;463;-307;-284
2757080;77;123;33;-58;-82;-49
2758078;327;369;-509;-588;160;192
2759088;464;475;-842;-867;316;333
2760078;410;383;-811;-770;303;293
2761079;192;142;-440;-358;101;64
2762080;-67;-109;79;158;-204;-255
2763078;-218;-227;480;517;-456;-494
2764080;-177;-149;546;525;-512;-510
2765078;32;78;236;168;-333;-287
2766075;308;347;-284;-368;-8;57
2767075;526;539;-735;-793;294;339
2768077;583;572;-878;-877;412;408
2769078;452;424;-640;-575;277;228
2770077;193;159;-136;-41;-38;-101
2771090;-67;-98;400;475;-366;-406
2772079;-205;-220;729;746;-539;-539
2773079;-163;-150;704;661;-477;-443
2774075;32;71;339;264;-214;-167
2775076;285;330;-182;-252;130;170
2776078;476;500;-598;-636;398;419
2777079;511;499;-699;-690;464;461
2778075;370;330;-435;-380;300;270
2779076;123;80;60;140;1;-46
2780078;-101;-124;545;614;-261;-305
2781130;-184;-178;779;797;-343;-351
2782075;-90;-61;632;583;-194;-153
2783076;124;159;158;64;117;185
2784078;350;376;-420;-510;449;501
2785078;486;493;-818;-856;642;648
2786075;468;454;-839;-804;590;550
2787075;295;266;-473;-387;299;241
2788076;40;5;91;181;-101;-150
2789076;-174;-202;572;621;-424;-448
2790077;-238;-242;728;715;-520;-515
2791078;-120;-93;479;413;-363;-332
2792092;115;163;-55;-142;-49;0
2793079;350;390;-609;-679;265;311
2794078;465;470;-902;-922;437;454
2795080;385;353;-780;-737;401;377
2796079;125;73;-299;-208;188;137
2797080;-201;-246;301;397;-88;-135
2798078;-427;-445;726;774;-290;-306
2799080;-430;-414;766;737;-311;-289
2800078;-214;-170;403;313;-123;-81
2801080;105;155;-178;-279;190;233
2802090;373;405;-689;-746;472;500
2803078;476;474;-867;-853;566;567
2804079;376;342;-612;-539;409;378
2805080;124;78;-43;51;80;25
2806079;-149;-184;559;633;-247;-301
2807080;-292;-299;903;924;-411;-429
2808078;-224;-199;829;789;-335;-302
2809080;10;55;391;307;-61;4
2810078;271;312;-188;-277;272;329
2811080;416;429;-632;-680;495;508
2812091;374;349;-736;-719;493;460
2813076;166;118;-458;-385;269;215
2814077;-112;-155;62;152;-52;-96
2815078;-332;-348;559;619;-300;-315
2816080;-381;-368;765;766;-347;-334
2817078;-229;-195;557;498;-177;-143
2818080;53;93;30;-62;116;158
2819078;331;362;-555;-638;383;417
2820080;477;488;-915;-945;491;498
2821078;434;417;-875;-836;387;361
2822080;226;187;-454;-365;125;74
2823119;-51;-95;149;243;-174;-222
2824078;-261;-287;642;694;-376;-394
2825078;-288;-279;781;767;-385;-364
2826080;-110;-68;506;434;-187;-141
2827078;178;231;-27;-120;129;176
2828080;427;460;-542;-608;404;432
2829078;516;510;-775;-780;487;483
2830080;410;371;-601;-543;323;288
2831078;153;106;-93;0;-15;-70
2832080;-146;-178;507;590;-373;-424
2833089;-345;-354;904;939;-584;-604
2834079;-336;-321;909;878;-550;-526
2835079;-116;-82;535;453;-294;-238
2836075;193;237;-19;-110;47;105
2837076;422;457;-482;-534;299;325
2838078;453;452;-629;-617;339;319
2839079;271;228;-389;-322;161;110
2840075;-40;-104;116;203;-129;-179
2841076;-343;-388;632;696;-389;-411
2842078;-499;-498;887;898;-499;-489
2843078;-430;-390;741;692;-407;-378
2844088;-178;-126;260;172;-149;-114
2845079;119;154;-317;-403;160;192
2846080;309;315;-711;-750;365;387
2847075;308;289;-725;-696;355;352
2848076;135;103;-353;-269;134;96
2849078;-121;-153;219;315;-187;-248
2850078;-342;-364;710;766;-465;-512
2851075;-424;-428;870;859;-578;-579
2852080;-321;-301;619;548;-470;-425
2853079;-78;-37;82;-11;-176;-114
2854092;178;222;-480;-551;168;211
2855077;321;339;-810;-826;380;387
2856079;283;261;-761;-720;342;314
2857080;88;38;-367;-291;82;36
2858078;-172;-218;173;249;-251;-296
2859080;-368;-383;592;635;-493;-517
2860078;-387;-366;683;671;-534;-525
2861080;-207;-166;409;346;-355;-315
2862078;75;115;-82;-167;-33;19
2863080;301;323;-546;-610;278;319
2864091;355;349;-749;-754;426;433
2865078;222;190;-569;-512;339;308
2866079;-32;-74;-70;21;79;25
2867080;-297;-331;521;604;-207;-252
2868078;-462;-472;924;957;-375;-385
2869080;-443;-426;940;910;-342;-313
2870078;-231;-194;567;487;-117;-68
2871080;86;131;-3;-94;197;240
2872078;360;394;-474;-530;441;460
2873080;451;455;-598;-589;485;474
2874091;318;285;-317;-243;306;271
2875078;34;-21;221;320;2;-45
2876079;-259;-306;747;818;-272;-309
2877080;-425;-435;1006;1012;-385;-391
2878078;-383;-351;865;806;-284;-253
2879080;-143;-91;375;284;-20;32
2880078;185;229;-241;-321;276;321
2881080;441;460;-689;-727;459;471
2882078;500;489;-759;-739;435;409
2883080;345;312;-434;-366;206;157
2884090;76;34;105;193;-133;-180
2885078;-161;-192;585;649;-423;-450
2886079;-248;-250;762;766;-503;-500
2887078;-145;-115;534;470;-312;-276
2888080;92;139;0;-100;59;119
2889079;339;377;-579;-663;429;485
2890080;463;469;-911;-933;618;638
2891078;400;370;-821;-770;543;509
2892080;181;135;-350;-252;246;177
2893078;-80;-118;271;364;-125;-187
2894090;-258;-268;742;785;-379;-398
2895078;-263;-245;843;819;-382;-350
2896079;-90;-55;544;469;-135;-76
2897080;181;217;14;-71;218;271
2898078;418;442;-472;-528;488;508
2899075;494;497;-668;-668;528;511
2900076;362;336;-473;-417;315;270
2901078;85;38;17;103;-45;-98
2902078;-191;-237;559;634;-372;-411
2903075;-329;-343;877;904;-501;-507
2904093;-263;-233;803;764;-373;-339
2905078;-29;26;355;266;-56;3
2906079;262;310;-266;-363;298;353
2907075;479;492;-773;-830;531;550
2908076;522;500;-916;-904;538;513
2909078;377;341;-619;-543;318;266
2910078;119;87;-26;75;-20;-70
2911075;-131;-150;560;638;-309;-336
2912076;-259;-266;845;858;-403;-396
2913078;-202;-192;683;623;-259;-224
2914089;28;58;151;49;38;86
2915079;323;370;-492;-586;334;373
2916080;527;564;-932;-970;484;495
2917075;521;517;-943;-908;419;393
2918080;297;243;-515;-423;164;114
2919079;-37;-109;133;236;-172;-222
2920078;-311;-353;669;731;-446;-472
2921079;-377;-359;826;814;-525;-517
2922078;-187;-123;540;461;-363;-325
2923080;160;227;-25;-129;-34;17
2924092;476;506;-573;-645;296;340
2925077;592;576;-820;-822;462;475
2926078;468;424;-635;-569;379;351
2927080;199;156;-103;-4;86;28
2928078;-61;-84;515;597;-280;-338
2929080;-190;-188;915;943;-542;-569
2930078;-132;-112;892;855;-559;-539
2931080;86;116;452;366;-313;-257
2932078;369;403;-187;-284;64;127
2933080;583;609;-711;-773;374;410
2934092;630;633;-876;-870;464;454
2935077;505;476;-633;-561;307;259
2936078;279;231;-133;-36;3;-53
2937080;53;16;362;429;-286;-319
2938078;-73;-76;606;607;-422;-418
2939080;-30;-1;473;413;-347;-313
2940078;178;219;19;-64;-97;-55
2941080;451;485;-535;-604;215;249
2942078;639;652;-918;-946;454;472
2943080;636;624;-942;-919;494;491
2944091;450;416;-597;-532;296;266
2945078;176;133;-45;37;-48;-101
2946079;-62;-93;460;525;-358;-411
2947080;-158;-160;695;709;-476;-491
2948078;-52;-22;556;508;-349;-308
2949080;227;276;112;25;-47;26
2950078;555;601;-411;-491;283;340
2951080;766;787;-738;-767;482;487
2952078;756;738;-683;-642;441;396
2953080;548;500;-255;-164;164;105
2954091;266;216;346;440;-210;-253
2955078;48;25;832;882;-486;-500
2956079;-12;3;965;948;-518;-504
2957080;105;144;670;597;-295;-259
2958078;343;381;78;-16;67;118
2959080;584;603;-530;-606;402;448
2960078;700;700;-861;-883;560;576
2961080;626;608;-753;-708;466;437
2962078;392;360;-277;-184;157;93
2963080;110;71;312;406;-220;-284
2964089;-81;-108;709;751;-471;-496
2965079;-76;-71;707;671;-461;-432
2966080;137;182;293;197;-197;-132
2967075;456;519;-339;-443;182;245
2968076;711;752;-879;-937;494;521
2969078;766;755;-1055;-1041;593;576
2970078;596;540;-784;-708;436;391
2971075;290;226;-212;-114;97;48
2972076;-7;-38;372;444;-256;-292
2973078;-158;-146;687;701;-457;-470
2974112;-88;-52;593;546;-426;-411
2975080;170;208;145;60;-201;-159
2976080;488;516;-439;-522;101;151
2977075;699;715;-882;-926;338;369
2978076;704;702;-974;-958;390;383
2979077;514;485;-662;-592;210;166
2980079;229;179;-81;11;-131;-191
2981075;-20;-64;491;566;-458;-503
2982076;-126;-133;763;781;-584;-588
2983077;-43;-6;586;531;-433;-389
2984104;184;239;52;-51;-81;-12
2985075;434;471;-550;-648;288;344
2986076;578;577;-911;-944;495;506
2987078;552;521;-858;-805;439;401
2988078;381;345;-419;-314;142;79
2989080;158;137;199;295;-252;-306
2990078;-6;-10;706;745;-542;-564
2991080;-33;-27;854;829;-577;-559
2992078;95;111;569;501;-350;-302
2993080;329;356;-2;-83;10;66
2994110;562;596;-581;-646;326;365
2995079;686;708;-886;-911;460;461
2996079;632;620;-773;-739;359;324
2997080;411;363;-296;-209;72;19
2998078;123;65;302;403;-267;-312
2999080;-83;-112;718;773;-493;-510
3000078;-94;-74;735;705;-484;-466
3001080;96;153;337;234;-238;-191
3002078;384;438;-296;-411;127;183
3003080;621;640;-873;-936;434;472
3004231;702;682;-1112;-1097;527;451
3005076;597;560;-878;-802;361;317
3006077;347;316;-272;-176;19;-45
3007079;55;35;390;468;-329;-379
3008078;-144;-158;759;788;-513;-521
3009080;-151;-155;654;615;-435;-398
3010078;43;65;152;55;-122;-61
3011080;341;391;-475;-582;264;319
3012078;583;634;-917;-971;510;531
3013080;633;642;-962;-928;475;450
3014108;449;398;-577;-475;185;124
3015075;111;29;64;174;-197;-261
3016076;-210;-265;646;706;-479;-511
3017077;-348;-338;861;848;-535;-516
3018077;-229;-167;589;514;-338;-283
3019079;78;144;-27;-128;23;83
3020078;408;438;-669;-750;385;422
3021080;590;579;-1006;-1030;571;573
3022078;542;510;-870;-820;484;455
3023080;297;265;-327;-222;161;112
3024085;-21;-48;353;461;-242;-297
3025090;-259;-281;829;881;-531;-567
3026075;-298;-306;864;828;-565;-558
3027076;-119;-95;448;344;-339;-286
3028077;185;241;-204;-316;20;91
3029077;459;515;-778;-839;332;377
3030079;564;576;-1012;-997;448;439
3031079;443;397;-808;-736;311;257
3032075;147;72;-271;-184;-17;-80
3033076;-182;-234;339;406;-381;-419
3034078;-382;-381;732;759;-589;-591
3035092;-357;-314;722;699;-531;-503
3036078;-128;-79;329;260;-245;-200
3037079;180;209;-236;-326;110;158
3038075;412;418;-685;-750;356;385
3039076;459;452;-788;-784;377;369
3040078;316;297;-483;-403;163;117
3041078;63;32;97;210;-195;-259
3042075;-176;-211;677;758;-536;-583
3043076;-291;-310;962;967;-688;-691
3044078;-222;-205;793;722;-561;-519
3045078;12;63;244;139;-216;-150
3046091;305;361;-402;-488;169;225
3047080;501;525;-816;-844;398;413
3048079;490;465;-800;-761;366;335
3049079;273;215;-386;-300;116;58
3050078;-40;-93;208;299;-208;-258
3051079;-299;-319;700;752;-438;-454
3052078;-383;-365;863;854;-463;-441
3053080;-256;-219;617;553;-272;-228
3054078;13;49;71;-18;49;93
3055080;289;314;-506;-581;357;386
3056090;431;439;-813;-837;507;514
3057078;361;348;-682;-636;426;406
3058078;105;66;-181;-83;149;106
3059080;-224;-276;429;530;-188;-241
3060078;-469;-507;839;884;-421;-454
3061080;-506;-501;843;803;-424;-413
3062078;-309;-258;434;333;-184;-128
3063080;26;95;-184;-288;184;255
3064078;328;371;-707;-758;494;536
3065080;429;419;-875;-854;589;577
3066079;273;218;-616;-542;434;378
3067090;-57;-121;-66;20;118;57
3068078;-393;-430;505;568;-191;-222
3069079;-579;-576;828;845;-345;-336
3070080;-545;-514;754;719;-269;-235
3071078;-325;-288;333;258;-3;36
3072080;-36;-6;-208;-291;319;352
3073078;174;191;-589;-637;540;559
3074080;198;195;-622;-602;554;551
3075078;19;-8;-288;-206;354;321
3076075;-272;-320;256;355;29;-24
3077090;-534;-578;754;814;-267;-315
3078078;-634;-643;953;945;-387;-397
3079079;-508;-471;744;676;-262;-222
3080080;-203;-138;227;136;51;119
3081078;133;188;-339;-410;396;451
3082080;334;345;-681;-701;599;607
3083078;307;272;-646;-610;557;518
3084080;85;30;-260;-186;292;233
3085078;-206;-246;294;375;-64;-110
3086075;-425;-432;761;812;-335;-351
3087075;-468;-449;912;910;-391;-377
3088089;-319;-290;671;612;-220;-185
3089078;-54;-24;150;59;79;121
3090079;192;217;-398;-477;358;392
3091080;297;308;-712;-737;486;495
3092078;207;192;-650;-606;407;383
3093080;-36;-80;-251;-163;158;110
3094078;-329;-381;288;371;-145;-194
3095080;-541;-570;706;742;-362;-384
3096079;-581;-567;786;762;-383;-367
3097077;-431;-385;475;405;-200;-155
3098078;-166;-117;-73;-157;90;139
3099091;86;111;-567;-627;333;359
3100079;207;199;-733;-737;393;383
3101079;137;110;-484;-423;228;188
3102075;-86;-119;41;142;-86;-138
3103076;-353;-381;578;662;-398;-437
3104078;-520;-536;867;883;-543;-550
3105078;-483;-476;769;711;-439;-408
3106075;-241;-203;334;238;-139;-82
3107076;92;150;-223;-301;203;256
3108078;344;388;-620;-644;423;443
3109089;384;380;-656;-623;423;399
3110079;191;135;-318;-249;215;163
3111079;-126;-199;216;292;-97;-146
3112075;-400;-438;686;737;-363;-386
3113076;-482;-462;864;869;-456;-446
3114077;-334;-276;668;619;-328;-295
3115076;-39;14;189;105;-44;-2
3116078;247;267;-346;-426;250;285
3117078;385;373;-680;-713;402;416
3118080;321;294;-645;-609;330;310
3119078;101;76;-256;-169;57;8
3120090;-156;-178;288;379;-285;-342
3121078;-331;-349;708;753;-524;-557
3122079;-346;-349;789;764;-533;-517
3123080;-195;-172;491;413;-303;-245
3124078;56;102;-32;-119;47;113
3125080;296;340;-515;-568;342;376
3126079;403;413;-708;-704;438;422
3127080;314;280;-513;-456;292;242
3128078;71;14;-39;42;-23;-76
3129080;-196;-240;466;535;-355;-386
3130093;-350;-353;756;776;-532;-536
3131077;-319;-285;699;661;-463;-441
3132077;-135;-90;332;255;-186;-144
3133079;103;130;-171;-247;151;199
3134078;286;289;-574;-613;386;417
3135080;340;328;-674;-660;408;401
3136079;253;239;-405;-344;207;159
3137080;71;55;115;197;-123;-185
3138078;-124;-145;632;699;-414;-455
3139080;-242;-262;880;898;-512;-505
3140089;-211;-211;728;682;-367;-319
3141078;-29;2;252;158;-68;-8
3142078;218;270;-312;-403;235;271
3143080;397;434;-687;-724;410;408
3144078;404;393;-692;-653;393;364
3145080;221;166;-325;-235;200;166
3146079;-75;-138;227;316;-70;-96
3147080;-345;-375;680;722;-275;-290
3148078;-443;-426;793;771;-303;-304
3149080;-303;-257;495;425;-146;-123
3150078;5;53;-74;-162;108;152
3151092;318;348;-641;-709;337;379
3152077;479;483;-936;-954;435;445
3153078;429;409;-831;-789;350;317
3154079;222;187;-394;-309;109;54
3155078;-18;-55;157;243;-177;-221
3156075;-168;-185;555;597;-361;-370
3157075;-147;-132;605;580;-336;-309
3158076;32;73;282;203;-108;-61
3159076;271;314;-250;-340;206;248
3160078;438;457;-711;-765;443;464
3161091;449;432;-846;-836;486;478
3162079;304;263;-572;-502;318;283
3163079;79;41;-27;67;18;-29
3164075;-112;-127;511;583;-279;-318
3165076;-174;-163;783;794;-439;-450
3166078;-59;-32;671;617;-388;-365
3167079;198;231;250;163;-155;-108
3168075;490;522;-264;-336;141;187
3169076;684;706;-619;-643;351;372
3170078;693;691;-643;-612;372;356
3171115;514;481;-333;-267;211;169
3172080;237;184;140;210;-30;-73
3173079;4;-35;538;581;-222;-241
3174075;-59;-57;665;661;-267;-253
3175076;76;122;463;413;-139;-104
3176078;329;387;29;-44;107;144
3177079;563;594;-435;-498;368;393
3178075;672;659;-718;-739;526;534
3179076;621;582;-689;-658;508;497
3180076;440;408;-366;-299;320;292
3181076;210;198;90;161;51;11
3182091;33;32;458;497;-171;-205
3183078;-10;-12;549;538;-239;-243
3184079;96;99;314;258;-110;-77
3185080;307;330;-135;-210;155;210
3186079;528;569;-582;-640;425;468
3187080;645;675;-806;-818;562;567
3188078;575;562;-685;-643;499;464
3189080;326;267;-257;-179;264;212
3190078;14;-54;281;360;-32;-70
3191080;-184;-212;663;704;-247;-257
3192089;-154;-118;690;669;-282;-266
3193078;80;153;352;275;-134;-104
3194079;381;437;-165;-257;98;130
3195080;591;594;-596;-650;285;306
3196079;626;587;-739;-726;330;329
3197080;492;451;-544;-474;212;186
3198078;255;239;-115;-35;-19;-59
3199080;14;14;332;381;-266;-302
3200078;-126;-132;581;582;-417;-429
3201080;-99;-111;505;467;-387;-368
3202089;78;85;135;78;-178;-136
3203078;316;359;-351;-410;111;156
3204079;499;551;-720;-761;334;360
3205080;537;550;-790;-790;372;363
3206079;410;364;-521;-469;202;162
3207080;179;106;-45;42;-91;-142
3208078;-32;-72;398;471;-365;-401
3209080;-97;-74;584;594;-488;-489
3210078;33;96;417;353;-398;-365
3211080;291;342;-19;-117;-135;-86
3212111;537;546;-512;-583;171;212
3213079;648;624;-815;-823;357;371
3214079;581;555;-771;-721;313;292
3215080;381;367;-392;-319;63;14
3216079;146;135;135;199;-247;-298
3217080;-23;-41;548;582;-439;-463
3218078;-64;-81;643;637;-416;-394
3219080;31;38;387;339;-202;-146
3220078;220;260;-76;-152;96;150
3221080;423;471;-516;-583;343;363
3222078;548;567;-720;-737;422;403
3223092;531;505;-588;-539;286;248
3224077;373;323;-178;-89;-2;-41
3225078;153;115;318;395;-310;-338
3226080;-10;-14;659;683;-503;-517
3227079;-29;-5;669;632;-513;-508
3228075;106;137;337;264;-350;-323
3229076;328;349;-170;-242;-92;-51
3230078;525;537;-602;-643;137;173
3231078;602;605;-751;-747;217;224
3232075;515;506;-553;-505;88;55
3233092;298;269;-104;-31;-196;-254
3234075;48;6;383;450;-482;-531
3235076;-105;-134;665;692;-607;-613
3236078;-73;-63;579;546;-499;-456
3237079;133;185;148;64;-218;-155
3238075;402;463;-410;-505;88;132
3239076;578;602;-811;-861;274;275
3240078;555;523;-849;-822;259;225
3241078;339;275;-513;-422;57;16
3242075;44;-7;23;121;-225;-254
3243092;-182;-191;484;533;-442;-454
3244078;-236;-208;628;606;-479;-474
3245078;-99;-62;379;305;-317;-294
3246079;152;178;-129;-211;-32;7
3247078;394;407;-626;-679;244;287
3248079;516;522;-854;-858;391;411
3249078;471;468;-700;-654;346;326
3250080;293;271;-235;-158;135;84
3251078;65;27;324;401;-140;-191
3252080;-108;-142;719;761;-349;-367
3253208;-142;-143;770;753;-386;-292
3254080;-11;26;466;395;-225;-182
3255079;209;263;-24;-112;53;93
3256075;384;414;-447;-502;300;321
3257075;403;385;-596;-586;379;375
3258077;250;198;-400;-334;249;222
3259077;9;-39;43;126;-25;-67
3260078;-196;-210;511;566;-315;-356
3261078;-269;-249;751;756;-481;-499
3262080;-182;-150;621;577;-432;-413
3263078;18;40;174;98;-176;-125
3264088;236;247;-372;-447;169;228
3265078;374;381;-760;-801;425;458
3266079;363;365;-822;-807;457;442
3267080;195;179;-549;-483;259;205
3268078;-58;-98;-78;4;-52;-112
3269080;-272;-316;368;423;-316;-345
3270078;-339;-352;580;581;-408;-392
3271080;-238;-202;454;405;-284;-241
3272078;-26;34;49;-23;1;45
3273080;197;237;-438;-501;321;349
3274090;336;330;-766;-793;522;532
3275078;324;286;-765;-743;508;498
3276079;157;122;-426;-362;288;257
3277080;-78;-92;85;166;-22;-69
3278078;-249;-249;521;579;-271;-311
3279080;-256;-252;677;678;-338;-343
3280078;-96;-83;484;424;-188;-147
3281080;153;183;33;-53;111;177
3282078;393;433;-461;-529;423;472
3283080;535;560;-754;-769;592;594
3284091;515;502;-679;-637;519;479
3285077;315;267;-250;-170;225;168
3286078;11;-45;326;407;-153;-199
3287080;-242;-274;750;797;-435;-455
3288078;-304;-291;803;788;-496;-485
3289080;-142;-95;467;391;-326;-292
3290078;140;194;-78;-177;-33;11
3291080;387;414;-560;-626;223;257
3292079;472;461;-746;-740;301;304
3293075;354;315;-545;-473;155;119
3294091;80;37;-48;45;-137;-196
3295079;-225;-256;499;566;-424;-470
3296080;-419;-430;814;827;-550;-554
3297075;-408;-396;723;679;-441;-399
3298076;-207;-174;265;185;-138;-76
3299077;71;115;-324;-407;216;263
3300079;280;312;-753;-801;452;463
3301075;313;310;-821;-806;464;440
3302076;149;106;-508;-434;265;222
3303077;-136;-193;29;125;-38;-78
3304090;-396;-433;533;599;-304;-327
3305075;-491;-484;757;757;-417;-418
3306078;-370;-326;578;516;-321;-300
3307079;-104;-52;79;-11;-50;-9
3308075;159;189;-479;-554;271;318
3309076;290;286;-801;-824;474;502
3310078;231;200;-717;-674;439;426
3311077;10;-25;-273;-185;182;125
3312078;-272;-301;306;396;-155;-224
3313078;-492;-509;744;789;-393;-427
3314089;-544;-545;833;811;-412;-387
3315078;-397;-375;533;458;-209;-143
3316079;-117;-74;-8;-97;112;171
3317080;159;205;-524;-584;389;408
3318078;291;310;-755;-758;474;451
3319080;205;177;-586;-532;313;271
3320078;-62;-125;-114;-28;-15;-55
3321080;-375;-432;412;487;-345;-375
3322078;-574;-589;730;756;-510;-523
3323080;-564;-530;686;648;-430;-417
3324093;-361;-306;298;215;-155;-109
3325077;-72;-32;-253;-338;180;239
3326078;166;175;-711;-757;427;464
3327080;257;243;-845;-833;488;478
3328078;170;150;-575;-511;342;291
3329080;-44;-63;-21;67;48;-8
3330078;-281;-304;556;631;-252;-283
3331080;-423;-444;890;917;-399;-393
3332078;-385;-386;836;799;-305;-273
3333080;-170;-135;436;352;-31;11
3334091;122;182;-101;-188;264;300
3335078;341;386;-502;-545;433;447
3336079;372;364;-560;-536;408;392
3337080;197;138;-244;-166;205;164
3338078;-95;-163;277;366;-94;-140
3339080;-368;-398;729;781;-360;-390
3340078;-484;-464;868;857;-460;-460
3341080;-380;-333;613;544;-336;-305
3342078;-102;-62;73;-17;-40;9
3343080;197;218;-497;-569;280;326
3344090;360;364;-831;-852;466;483
3345078;315;304;-775;-736;416;392
3346079;106;79;-370;-290;148;92
3347080;-153;-193;176;259;-210;-269
3348078;-352;-384;597;642;-477;-506
3349080;-399;-400;692;677;-513;-496
3350078;-258;-222;413;345;-302;-249
3351080;13;68;-102;-189;45;105
3352078;272;313;-593;-656;360;395
3353080;367;367;-795;-800;490;485
3354090;251;208;-591;-532;380;342
3355078;4;-51;-76;18;89;39
3356079;-233;-265;496;579;-235;-274
3357080;-345;-336;852;879;-431;-444
3358079;-280;-244;825;783;-407;-389
3359075;-64;-26;433;347;-183;-141
3360076;211;234;-134;-220;120;167
3361078;420;430;-608;-653;348;376
3362078;466;465;-764;-752;384;375
3363075;320;305;-528;-469;209;165
3364089;43;6;-20;60;-91;-146
3365079;-251;-299;500;567;-373;-409
3366080;-434;-464;755;775;-496;-494
3367075;-417;-404;591;546;-386;-350
3368076;-209;-154;71;-25;-83;-31
3369078;76;137;-559;-661;264;309
3370078;286;311;-990;-1040;477;495
3371075;313;286;-1006;-971;444;425
3372076;151;96;-594;-493;187;136
3373078;-110;-153;42;152;-164;-222
3374093;-338;-348;599;657;-441;-475
3375078;-417;-399;818;801;-515;-505
3376079;-291;-264;613;541;-346;-299
3377079;-7;20;102;17;-7;50
3378078;298;330;-453;-513;341;383
3379079;474;500;-766;-782;531;538
3380078;430;428;-670;-636;466;437
3381080;188;144;-205;-128;184;133
3382078;-129;-195;399;491;-165;-216
3383080;-359;-402;846;906;-407;-432
3384092;-375;-358;915;903;-425;-411
3385077;-156;-88;574;488;-221;-172
3386078;188;261;-10;-122;98;154
3387080;481;510;-550;-622;368;400
3388078;576;549;-778;-770;443;434
3389080;442;388;-586;-509;280;235
3390078;164;122;-82;14;-38;-94
3391080;-112;-125;467;531;-342;-379
3392078;-257;-251;778;784;-469;-469
3393080;-209;-195;686;640;-350;-312
3394090;9;29;228;151;-40;15
3395078;299;332;-379;-458;314;362
3396079;531;568;-844;-895;553;570
3397080;596;611;-939;-935;575;557
3398078;461;433;-612;-544;381;339
3399080;195;133;-14;91;63;16
3400078;-59;-113;570;658;-233;-265
3401080;-160;-163;861;879;-368;-373
3402078;-43;9;718;653;-275;-249
3403080;236;305;215;106;-2;44
3404091;530;568;-390;-481;303;351
3405078;693;683;-795;-820;474;493
3406079;653;613;-799;-753;404;379
3407080;432;395;-412;-327;112;50
3408078;126;104;154;234;-266;-331
3409080;-135;-148;604;644;-539;-569
3410078;-237;-247;706;691;-567;-544
3411080;-127;-122;410;347;-338;-278
3412078;147;184;-139;-226;29;92
3413080;459;519;-686;-758;364;396
3414090;661;704;-970;-991;518;510
3415078;656;643;-847;-801;426;391
3416079;453;387;-365;-271;137;94
3417080;164;94;250;346;-203;-240
3418078;-44;-66;700;748;-420;-440
3419080;-56;-17;757;730;-404;-394
3420078;134;198;395;307;-169;-127
3421080;418;460;-195;-296;166;225
3422078;642;642;-709;-769;445;487
3423075;693;667;-887;-875;536;534
3424090;555;528;-640;-566;387;340
3425079;299;280;-87;9;66;2
3426080;44;26;502;575;-256;-299
3427075;-96;-115;831;848;-400;-399
3428076;-50;-53;726;681;-290;-248
3429077;175;207;243;154;4;62
3430079;477;538;-366;-459;325;366
3431075;703;751;-795;-843;507;513
3432076;735;729;-837;-812;455;426
3433078;560;499;-482;-395;183;135
3434090;273;201;87;187;-188;-236
3435079;18;-12;594;653;-487;-517
3436079;-80;-53;788;777;-570;-569
3437075;26;79;563;493;-395;-358
3438076;281;319;20;-71;-41;18
3439078;546;554;-573;-645;331;386
3440078;681;674;-920;-943;559;579
3441075;629;619;-853;-816;541;515
3442080;425;409;-418;-336;292;234
3443079;165;135;152;243;-64;-121
3444078;-39;-74;577;627;-346;-373
3445093;-89;-103;650;630;-409;-395
3446078;58;87;340;260;-231;-185
3447079;352;416;-200;-296;80;132
3448080;652;710;-711;-771;352;383
3449078;798;808;-941;-939;440;435
3450080;709;663;-770;-711;299;260
3451078;433;363;-260;-174;-5;-58
3452080;118;71;356;433;-333;-375
3453078;-73;-70;788;828;-526;-538
3454080;-51;-12;835;818;-486;-462
3455078;155;198;485;415;-225;-176
3456091;434;459;-78;-173;125;178
3457078;653;660;-575;-644;393;424
3458079;727;725;-750;-752;448;440
3459080;637;627;-504;-432;268;223
3460078;424;401;43;151;-52;-110
3461080;183;148;610;692;-361;-401
3462078;31;2;897;907;-514;-516
3463080;51;54;756;691;-441;-407
3464078;244;288;258;156;-180;-131
3465080;515;576;-351;-434;137;177
3466089;718;751;-780;-808;352;367
3467078;730;710;-830;-798;353;338
3468079;519;458;-494;-422;136;95
3469080;174;111;43;121;-196;-247
3470078;-133;-162;506;558;-490;-528
3471080;-238;-223;670;671;-606;-611
3472078;-83;-39;459;406;-481;-447
3473080;245;295;-21;-106;-160;-101
3474078;570;606;-540;-615;214;269
3475080;728;735;-844;-869;463;486
3476092;658;633;-774;-733;458;436
3477077;413;367;-350;-262;209;153
3478078;111;66;234;324;-139;-198
3479079;-117;-139;693;741;-394;-423
3480078;-172;-162;799;781;-426;-407
3481080;-23;12;497;423;-226;-171
3482078;257;302;-58;-151;106;163
3483080;523;556;-584;-650;418;448
3484078;633;637;-815;-820;561;556
3485080;537;509;-637;-579;455;423
3486079;297;250;-139;-46;144;98
3487090;33;-6;438;520;-213;-257
3488078;-131;-142;816;845;-431;-456
3489079;-118;-96;803;768;-407;-394
3490075;61;101;403;320;-168;-117
3491076;307;343;-185;-276;151;213
3492078;482;496;-672;-727;394;427
3493078;493;479;-821;-812;447;430
3494075;339;305;-566;-499;293;240
3495076;98;61;-36;56;10;-41
3496078;-116;-139;511;583;-264;-286
3497096;-203;-203;797;812;-395;-385
3498091;-113;-89;664;614;-314;-286
3499076;122;160;167;73;-57;-24
3500076;395;432;-448;-540;243;274
3501079;576;595;-878;-921;431;453
3502079;586;575;-916;-887;415;411
3503075;424;387;-550;-464;203;165
3504236;167;123;45;143;-261;-317
3505076;-68;-97;586;648;-387;-431
3506078;-169;-168;811;808;-512;-513
3507188;-73;-45;606;543;-427;-263
3508079;181;224;68;-23;-174;-119
3509078;461;499;-532;-612;124;161
3510079;608;622;-892;-922;318;322
3511078;536;513;-822;-783;304;281
3512080;279;227;-353;-260;83;46
3513078;-39;-92;279;381;-231;-270
3514080;-277;-302;758;814;-476;-504
3515078;-333;-317;846;823;-526;-528
3516075;-181;-137;508;417;-356;-322
3517075;109;155;-79;-185;-39;18
3518092;398;426;-624;-688;286;337
3519077;537;540;-863;-856;471;485
3520078;466;444;-685;-619;415;383
3521079;237;198;-187;-100;132;72
3522078;-25;-63;376;444;-233;-290
3523080;-193;-211;717;739;-486;-509
3524078;-192;-178;662;630;-491;-469
3525080;-32;6;249;173;-251;-196
3526079;198;239;-309;-396;101;158
3527080;375;394;-740;-794;379;408
3528091;405;392;-841;-829;434;420
3529078;270;234;-559;-485;233;184
3530079;29;-8;-16;80;-123;-183
3531080;-206;-230;536;606;-453;-493
3532078;-329;-331;832;843;-590;-591
3533080;-281;-264;724;674;-474;-436
3534078;-89;-58;270;185;-169;-112
3535080;157;190;-297;-376;179;225
3536079;348;370;-699;-736;414;430
3537080;398;397;-755;-733;426;406
3538103;280;254;-458;-388;205;161
3539076;36;-6;42;123;-137;-186
3540076;-229;-268;510;564;-423;-457
3541078;-384;-398;721;723;-504;-504
3542078;-338;-318;556;507;-345;-306
3543080;-108;-61;76;-4;-33;26
3544078;186;235;-480;-559;277;324
3545080;386;409;-816;-852;435;442
3546079;387;368;-738;-704;356;320
3547080;187;138;-274;-178;77;20
3548078;-111;-162;343;452;-252;-298
3549093;-357;-382;810;867;-455;-467
3550077;-416;-403;892;863;-419;-393
3551078;-247;-205;535;437;-160;-108
3552080;64;114;-106;-216;198;249
3553078;351;386;-722;-789;482;510
3554080;451;452;-1005;-1002;550;543
3555079;305;269;-811;-748;363;322
3556075;-9;-67;-249;-155;9;-48
3557076;-326;-374;383;467;-335;-383
3558078;-485;-495;763;797;-504;-514
3559079;-406;-371;705;668;-425;-391
3560088;-131;-70;244;149;-148;-89
3561079;201;251;-382;-487;193;244
3562079;416;429;-854;-910;448;466
3563075;400;373;-929;-902;498;479
3564076;159;108;-569;-474;313;272
3565078;-180;-228;41;149;-18;-63
3566079;-446;-471;599;661;-329;-363
3567075;-520;-512;831;820;-464;-473
3568076;-382;-347;633;564;-363;-338
3569078;-115;-70;115;27;-83;-32
3570078;147;179;-454;-521;240;293
3571093;281;286;-789;-809;461;485
3572078;227;203;-730;-695;467;447
3573078;7;-32;-323;-247;239;186
3574079;-273;-312;221;304;-120;-179
3575078;-476;-496;637;686;-427;-461
3576080;-491;-481;727;713;-511;-504
3577078;-306;-268;446;374;-327;-281
3578080;-13;36;-67;-159;15;76
3579078;247;283;-562;-625;329;372
3580080;369;371;-801;-805;467;467
3581091;318;288;-679;-626;385;345
3582075;125;85;-264;-184;144;92
3583075;-126;-155;244;310;-132;-165
3584076;-323;-333;606;631;-310;-312
3585077;-358;-351;651;630;-299;-277
3586078;-203;-180;355;297;-99;-67
3587078;63;99;-148;-221;191;225
3588080;303;339;-626;-686;433;460
3589078;399;412;-846;-863;514;521
3590080;320;295;-690;-647;394;371
3591088;120;70;-221;-133;119;70
3592078;-96;-137;336;427;-194;-246
3593079;-223;-227;712;753;-399;-424
3594080;-196;-164;717;682;-382;-362
3595078;-23;19;342;251;-143;-86
3596075;225;252;-232;-328;192;252
3597075;440;447;-720;-771;435;462
3598076;518;513;-867;-850;451;428
3599076;408;395;-586;-514;226;168
3600078;149;121;-8;83;-126;-185
3601090;-138;-180;577;649;-434;-463
3602078;-305;-339;871;889;-546;-536
3603079;-259;-252;717;669;-408;-369
3604080;-28;27;202;104;-96;-47
3605078;257;326;-403;-500;229;267
3606075;445;474;-788;-829;409;422
3607075;434;400;-764;-721;368;348
3608076;216;144;-344;-242;138;93
3609076;-120;-177;263;364;-164;-212
3610078;-408;-420;749;794;-393;-419
3611089;-485;-460;853;824;-433;-422
3612078;-301;-262;514;430;-253;-210
3613079;35;73;-90;-185;66;120
3614080;336;366;-645;-707;369;407
3615078;462;473;-875;-877;499;502
3616075;383;365;-677;-618;382;347
3617075;156;113;-155;-62;72;15
3618077;-102;-149;436;519;-276;-327
3619077;-262;-281;811;843;-493;-511
3620079;-235;-212;779;743;-473;-449
3621096;-34;17;354;266;-225;-171
3622090;230;278;-249;-345;134;190
3623076;420;434;-734;-789;438;469
3624076;444;420;-872;-857;543;536
3625079;299;259;-605;-530;407;369
3626079;57;24;-68;25;105;54
3627075;-161;-175;475;540;-208;-247
3628076;-245;-242;753;761;-381;-391
3629078;-162;-146;627;577;-330;-306
3630078;27;53;171;87;-86;-39
3631075;225;253;-386;-464;222;270
3632076;346;361;-783;-820;435;458
3633088;346;338;-846;-825;440;424
3634079;215;186;-544;-476;227;180
3635079;-14;-50;-5;78;-111;-166
3636075;-252;-280;526;590;-425;-461
3637076;-372;-380;793;809;-568;-569
3638078;-296;-276;664;621;-462;-429
3639078;-53;-10;210;125;-155;-102
3640079;232;279;-331;-416;196;244
3641078;421;444;-686;-724;407;428
3642079;426;410;-670;-636;372;351
3643078;250;203;-274;-184;117;61
3644089;-24;-73;321;419;-220;-279
3645078;-269;-294;828;884;-469;-496
3646079;-359;-350;983;970;-500;-481
3647080;-235;-201;695;620;-283;-228
3648078;46;88;97;-2;89;149
3649080;341;376;-515;-594;439;476
3650078;501;514;-841;-861;593;593
3651080;449;431;-721;-671;479;444
3652078;212;167;-220;-122;162;108
3653080;-95;-146;412;508;-198;-247
3654091;-319;-348;865;910;-426;-448
3655078;-336;-323;910;880;-414;-395
3656079;-128;-78;515;425;-165;-113
3657080;194;253;-132;-237;191;251
3658078;464;497;-711;-779;468;502
3659080;548;536;-922;-918;516;504
3660078;406;360;-647;-573;313;260
3661080;108;55;-27;82;-33;-97
3662078;-199;-232;612;703;-351;-390
3663080;-354;-355;937;958;-484;-478
3664090;-261;-233;775;711;-368;-325
3665078;40;87;206;90;-62;-8
3666079;393;442;-481;-586;277;317
3667080;616;644;-941;-979;475;486
3668078;605;590;-937;-890;432;410
3669080;371;318;-467;-362;179;133
3670078;33;-29;234;342;-149;-199
3671080;-243;-277;821;880;-394;-423
3672078;-320;-306;1014;1001;-441;-432
3673080;-161;-110;746;671;-271;-228
3674088;144;199;179;82;32;86
3675078;433;462;-386;-457;322;358
3676079;561;554;-670;-681;451;451
3677080;470;437;-540;-487;348;313
3678078;209;168;-64;26;57;6
3679080;-93;-127;527;611;-281;-326
3680078;-291;-307;943;980;-503;-522
3681080;-289;-280;967;940;-491;-474
3682078;-87;-51;571;489;-240;-192
3683080;213;262;-57;-157;133;192
3684078;463;500;-600;-670;447;488
3685092;536;536;-792;-793;545;544
3686079;390;349;-564;-492;385;340
3687079;94;34;-61;40;49;-16
3688075;-202;-245;450;523;-302;-351
3689076;-345;-346;720;723;-505;-512
3690078;-254;-215;612;551;-462;-429
3691078;19;74;171;86;-193;-139
3692075;326;366;-390;-458;174;221
3693076;507;514;-802;-830;458;482
3694078;492;467;-871;-853;518;510
3695091;321;282;-569;-513;328;290
3696080;90;59;-25;52;-12;-67
3697079;-109;-121;529;601;-335;-381
3698075;-205;-201;851;884;-480;-490
3699076;-147;-135;785;755;-377;-342
3700078;54;75;353;267;-77;-14
3701078;310;342;-236;-337;271;326
3702075;487;518;-695;-753;498;515
3703076;492;496;-801;-781;487;458
3704076;323;286;-507;-421;238;183
3705089;59;0;34;133;-119;-171
3706080;-181;-222;538;596;-396;-421
3707080;-281;-276;729;718;-441;-429
3708079;-173;-127;485;415;-225;-180
3709080;107;163;-83;-177;146;205
3710078;425;459;-692;-768;494;539
3711080;611;614;-1030;-1055;657;665
3712078;568;543;-923;-880;561;526
3713080;316;276;-410;-314;250;190
3714078;-13;-55;271;377;-127;-182
3715092;-257;-286;801;863;-395;-418
3716077;-294;-292;924;907;-424;-405
3717078;-103;-64;583;495;-202;-152
3718079;221;281;-40;-153;160;216
3719078;517;564;-624;-699;479;516
3720080;636;638;-861;-858;582;581
3721078;519;475;-620;-542;402;360
3722080;232;169;-15;95;20;-45
3723078;-71;-113;640;727;-372;-429
3724080;-226;-225;993;1013;-578;-595
3725090;-150;-111;848;790;-508;-471
3726079;112;163;280;170;-211;-143
3727079;422;459;-417;-524;153;211
3728080;627;636;-910;-957;405;421
3729078;631;614;-985;-951;420;391
3730080;434;399;-634;-542;190;137
3731078;128;86;-36;60;-177;-226
3732080;-140;-173;515;570;-502;-530
3733078;-232;-239;739;733;-622;-621
3734080;-93;-63;505;445;-483;-454
3735160;198;255;-77;-169;-164;67
3736080;483;534;-706;-792;174;224
3737079;613;622;-1054;-1090;370;393
3738080;528;487;-952;-910;335;312
3739078;274;212;-467;-362;89;31
3740080;-25;-69;161;271;-244;-303
3741078;-234;-236;649;700;-494;-519
3742080;-251;-223;780;748;-523;-502
3743078;-65;-29;497;410;-303;-248
3744080;233;263;-70;-158;72;129
3745078;500;521;-647;-701;427;463
3746091;609;619;-950;-957;591;593
3747079;513;500;-825;-787;481;450
3748079;256;215;-332;-258;152;99
3749080;-45;-99;281;369;-227;-281
3750078;-254;-287;703;763;-467;-494
3751075;-267;-253;724;711;-458;-440
3752076;-76;-21;342;251;-223;-165
3753078;218;278;-246;-365;115;177
3754078;461;488;-761;-832;388;419
3755075;536;516;-958;-940;458;440
3756076;409;363;-727;-639;275;224
3757092;138;97;-154;-53;-78;-134
3758078;-155;-176;495;562;-425;-461
3759079;-328;-331;904;919;-589;-592
3760075;-290;-280;868;836;-494;-465
3761076;-55;-27;420;350;-197;-147
3762078;269;314;-204;-292;154;204
3763078;538;582;-698;-766;396;421
3764075;628;640;-831;-835;413;399
3765076;486;449;-547;-474;195;146
3766078;162;93;11;124;-155;-214
3767092;-181;-241;563;649;-467;-506
3768078;-355;-365;814;818;-584;-582
3769079;-256;-209;601;521;-442;-400
3770079;57;130;0;-117;-110;-49
3771078;417;470;-700;-793;248;295
3772079;647;652;-1144;-1170;451;463
3773078;646;610;-1113;-1065;395;365
3774080;424;376;-635;-540;107;51
3775078;90;54;35;134;-258;-314
3776075;-183;-200;564;620;-511;-537
3777075;-249;-248;696;682;-521;-502
3778089;-71;-46;386;309;-296;-242
3779078;250;298;-185;-287;35;93
3780079;540;591;-711;-781;302;331
3781080;648;665;-915;-914;375;361
3782078;518;480;-690;-617;221;175
3783080;210;137;-135;-30;-84;-135
3784078;-126;-187;489;571;-391;-423
3785080;-332;-339;880;903;-548;-551
3786079;-310;-267;847;805;-479;-454
3787080;-85;-27;418;333;-218;-176
3788078;217;253;-185;-273;109;153
3789092;443;446;-678;-729;357;385
3790077;491;472;-846;-839;421;417
3791078;351;328;-629;-569;278;243
3792079;103;80;-134;-50;1;-48
3793078;-133;-158;394;463;-273;-311
3794080;-255;-273;673;694;-401;-405
3795078;-205;-200;540;497;-299;-266
3796075;-6;30;58;-33;3;59
3797075;249;300;-516;-610;373;425
3798076;432;463;-881;-922;627;651
3799090;444;429;-847;-806;633;616
3800078;268;216;-428;-326;385;332
3801079;-5;-61;176;278;7;-54
3802080;-234;-257;680;727;-307;-347
3803078;-296;-277;850;826;-410;-404
3804080;-166;-123;623;553;-267;-220
3805078;77;115;133;56;27;87
3806075;305;321;-369;-420;314;350
3807075;409;403;-646;-656;446;441
3808076;349;331;-571;-541;358;321
3809090;154;130;-187;-125;98;52
3810078;-91;-118;321;394;-204;-237
3811078;-283;-307;710;761;-397;-408
3812080;-334;-340;786;781;-387;-372
3813078;-216;-194;489;422;-177;-142
3814080;20;65;-70;-170;133;178
3815078;263;307;-655;-738;405;440
3816075;389;400;-990;-1012;510;516
3817076;318;287;-891;-840;398;367
3818078;69;13;-385;-286;126;71
3819153;-236;-284;273;372;-169;-310
3820077;-437;-451;736;784;-339;-351
3821078;-425;-399;765;735;-289;-259
3822080;-214;-166;368;274;-40;13
3823079;83;127;-221;-327;286;334
3824075;326;345;-688;-742;528;546
3825076;397;388;-790;-763;565;548
3826078;256;225;-474;-384;380;339
3827079;-38;-80;109;208;65;19
3828075;-343;-381;671;730;-228;-260
3829092;-503;-519;925;922;-362;-367
3830077;-437;-418;737;680;-275;-250
3831079;-187;-136;209;122;-21;25
3832079;115;170;-387;-466;264;309
3833075;316;340;-758;-793;435;452
3834076;313;290;-733;-703;399;377
3835077;106;50;-335;-250;163;111
3836077;-201;-254;237;334;-162;-215
3837078;-451;-471;697;752;-410;-436
3838078;-511;-493;805;786;-458;-444
3839079;-347;-306;510;429;-299;-254
3840078;-39;3;-23;-120;-34;12
3841093;256;286;-520;-579;189;212
3842077;400;407;-745;-738;254;243
3843078;331;311;-603;-543;125;89
3844079;100;59;-165;-88;-135;-177
3845078;-168;-211;370;430;-399;-427
3846075;-341;-362;754;781;-536;-542
3847075;-335;-319;803;790;-482;-463
3848076;-152;-107;495;442;-254;-216
3849076;119;166;-15;-93;56;99
3850078;341;364;-472;-540;311;342
3851091;399;387;-650;-666;389;391
3852078;261;224;-466;-410;250;217
3853079;-4;-46;-12;86;-35;-89
3854080;-265;-294;488;570;-332;-378
3855078;-391;-394;789;804;-504;-515
3856075;-320;-297;737;682;-465;-437
3857075;-92;-52;352;266;-224;-173
3858077;174;214;-177;-247;110;157
3859077;350;369;-587;-613;370;392
3860078;357;343;-668;-649;420;410
3861090;196;158;-386;-332;246;208
3862078;-60;-103;107;178;-48;-97
3863079;-302;-328;561;621;-310;-345
3864080;-411;-410;759;776;-415;-415
3865078;-328;-303;619;577;-312;-278
3866075;-90;-52;217;133;-50;0
3867075;175;212;-259;-336;246;286
3868076;329;345;-580;-607;426;437
3869076;294;278;-577;-540;389;366
3870078;98;55;-233;-156;138;92
3871090;-154;-199;289;366;-209;-259
3872078;-336;-356;730;774;-482;-513
3873079;-355;-338;868;860;-545;-540
3874080;-193;-151;629;573;-369;-327
3875078;82;126;129;48;-42;17
3876075;345;370;-391;-462;274;319
3877075;462;461;-681;-705;431;435
3878076;374;350;-595;-557;359;323
3879076;128;90;-177;-92;106;52
3880078;-141;-179;363;451;-195;-235
3881089;-301;-319;758;800;-392;-402
3882079;-285;-270;811;784;-389;-368
3883079;-106;-64;493;413;-195;-156
3884075;153;198;-45;-134;88;126
3885076;378;402;-538;-592;323;346
3886078;455;447;-729;-724;405;404
3887079;340;307;-508;-449;296;270
3888075;85;45;21;109;36;-4
3889076;-184;-216;598;676;-265;-307
3890078;-345;-356;946;976;-456;-478
3891090;-327;-312;910;875;-414;-399
3892079;-134;-99;520;436;-135;-83
3893079;151;193;-28;-118;242;309
3894075;395;426;-469;-516;529;571
3895076;480;483;-581;-563;583;571
3896078;369;339;-306;-235;392;332
3897079;126;77;215;303;71;3
3898075;-127;-165;716;776;-209;-240
3899076;-272;-279;932;936;-312;-292
3900078;-248;-222;742;686;-196;-148
3901088;-72;-31;227;137;74;116
3902078;157;188;-363;-447;370;390
3903077;305;312;-738;-773;554;557
3904079;275;258;-715;-681;531;522
3905078;79;43;-317;-229;302;278
3906075;-178;-216;249;343;-26;-70
3907075;-365;-387;705;755;-304;-351
3908076;-396;-388;830;810;-403;-420
3909076;-256;-222;556;481;-277;-242
3910078;0;43;9;-79;16;86
3911088;261;293;-540;-603;336;395
3912078;398;403;-814;-825;519;527
3913079;331;308;-668;-621;468;423
3914080;97;54;-177;-90;204;140
3915078;-181;-223;415;503;-139;-183
3916075;-366;-385;824;868;-390;-397
3917078;-372;-357;853;827;-416;-394
3918080;-196;-155;487;401;-198;-162
3919079;81;126;-94;-194;144;185
3920080;328;354;-597;-658;424;458
3921091;419;415;-763;-752;491;499
3922077;309;278;-509;-434;314;280
3923077;62;20;31;128;-16;-82
3924079;-191;-224;591;660;-346;-405
3925078;-324;-332;902;913;-521;-533
3926075;-273;-251;818;771;-450;-408
3927075;-64;-22;383;302;-161;-93
3928076;203;243;-189;-267;210;263
3929076;399;417;-612;-654;485;497
3930078;423;412;-674;-659;536;513
3931091;262;226;-351;-281;352;313
3932078;1;-41;189;282;32;-7
3933079;-221;-248;676;743;-267;-296
3934080;-287;-284;862;864;-398;-408
3935078;-159;-126;640;572;-301;-282
3936075;108;156;95;-6;-46;0
3937075;395;433;-528;-613;209;258
3938077;560;570;-937;-965;320;336
3939077;512;489;-934;-896;222;187
3940078;273;227;-521;-437;-44;-110
3941091;-33;-79;88;179;-361;-414
3942078;-251;-275;577;633;-583;-592
3943079;-280;-267;696;686;-603;-571
3944080;-106;-63;394;320;-405;-358
3945078;200;251;-165;-267;-80;-43
3946075;518;553;-703;-778;218;239
3947075;701;709;-965;-971;353;358
3948077;650;630;-820;-758;257;243
3949078;372;328;-326;-231;-26;-65
3950080;1;-52;287;367;-360;-415
3951089;-267;-305;716;749;-575;-613
3952079;-294;-289;744;717;-559;-548
3953079;-77;-24;367;292;-319;-257
3954075;260;331;-204;-295;30;105
3955076;547;589;-674;-735;323;359
3956078;655;641;-807;-802;421;399
3957079;549;495;-544;-471;283;226
3958075;302;250;-10;90;-13;-64
3959076;58;41;535;609;-307;-327
3960078;-37;-20;821;830;-435;-425
3961090;73;105;695;637;-321;-293
3962079;334;366;214;123;-24;12
3963079;609;634;-373;-453;300;340
3964075;763;777;-763;-795;494;520
3965076;730;723;-763;-732;468;460
3966077;536;503;-390;-310;244;197
3967077;272;226;157;245;-72;-134
3968078;55;21;606;658;-327;-365
3969078;-23;-22;741;729;-383;-370
3970079;68;104;495;427;-202;-146
3971090;283;330;-17;-105;126;189
3972078;503;531;-546;-612;434;468
3973078;607;603;-828;-841;571;561
3974080;538;509;-723;-678;480;441
3975078;332;297;-292;-210;218;175
3976075;95;69;239;318;-80;-110
3977075;-55;-63;611;647;-271;-280
3978077;-47;-36;651;626;-260;-249
3979077;120;147;353;281;-65;-34
3980078;378;415;-145;-226;201;243
3981088;619;650;-615;-667;394;424
3982078;733;744;-833;-834;409;404
3983079;665;644;-677;-631;230;187
3984080;438;393;-211;-135;-71;-130
3985078;159;113;332;407;-371;-411
3986075;-30;-51;673;711;-531;-532
3987075;-32;-15;634;608;-463;-429
3988076;156;202;232;146;-186;-136
3989076;437;486;-339;-441;169;213
3990078;661;684;-807;-866;424;446
3991093;698;684;-942;-925;455;446
3992077;518;475;-670;-589;261;222
3993077;211;160;-120;-22;-54;-107
3994079;-65;-97;429;492;-341;-381
3995078;-171;-170;693;695;-468;-472
3996075;-62;-29;533;477;-374;-340
3997075;199;248;29;-57;-91;-37
3998076;479;517;-558;-638;252;299
3999076;634;642;-930;-965;486;504
4000078;580;555;-904;-873;484;465
4001092;331;284;-506;-420;245;198
4002077;-1;-48;63;159;-106;-161
4003077;-259;-286;530;584;-393;-429
4004079;-320;-313;676;661;-476;-472
4005078;-155;-117;443;371;-324;-281
4006075;152;205;-38;-124;-21;36
4007075;456;497;-511;-565;275;315
4008076;616;624;-723;-723;411;412
4009076;563;535;-575;-524;321;284
4010078;339;292;-150;-75;53;1
4011091;74;34;340;404;-257;-296
4012078;-86;-97;667;692;-454;-465
4013079;-63;-40;673;649;-437;-417
4014075;122;164;349;286;-211;-170
4015076;371;408;-155;-232;105;150
4016078;566;581;-604;-660;353;382
4017079;620;609;-787;-793;422;419
4018075;496;469;-627;-578;295;260
4019076;236;202;-209;-128;34;-13
4020078;-39;-72;261;330;-251;-287
4021078;-187;-205;548;569;-435;-450
4022091;-125;-113;498;460;-421;-402
4023076;102;147;123;46;-209;-171
4024076;367;421;-403;-480;85;127
4025078;545;569;-829;-872;298;324
4026079;565;543;-952;-941;312;305
4027075;421;372;-704;-645;120;78
4028076;169;126;-201;-119;-173;-229
4029078;-83;-98;307;375;-411;-447
4030078;-212;-204;558;577;-465;-455
4031075;-150;-132;425;379;-296;-246
4032080;64;87;-13;-103;20;80
4033093;319;348;-524;-608;339;376
4034077;491;517;-841;-869;513;511
4035077;501;504;-796;-750;468;438
4036080;344;312;-389;-298;235;195
4037078;97;44;197;285;-77;-112
4038080;-104;-143;688;733;-327;-348
4039078;-145;-138;843;829;-396;-398
4040080;5;56;587;525;-255;-231
4041078;270;329;54;-28;25;72
4042080;504;532;-475;-544;301;348
4043088;579;561;-724;-743;431;447
4044078;448;402;-562;-514;350;319
4045079;174;131;-79;17;92;31
4046075;-101;-123;473;565;-224;-277
4047075;-241;-240;816;848;-452;-467
4048076;-184;-165;783;735;-478;-452
4049076;28;58;384;287;-290;-245
4050078;290;324;-199;-288;9;49
4051078;484;508;-686;-725;265;285
4052080;521;522;-836;-816;345;341
4053096;377;347;-587;-525;214;52
4054091;117;68;-88;-13;-58;-249
4055075;-121;-160;397;455;-336;-376
4056076;-213;-215;636;651;-488;-505
4057078;-118;-81;528;490;-441;-422
4058078;102;154;131;56;-213;-164
4059079;342;374;-372;-449;94;146
4060078;496;494;-749;-788;342;368
4061080;496;470;-812;-794;416;404
4062078;331;303;-531;-463;294;255
4063080;67;44;-39;42;56;15
4064078;-171;-191;422;478;-165;-188
4065090;-268;-281;625;628;-262;-230
4066079;-181;-172;466;415;-187;-162
4067079;42;80;15;-65;30;63
4068080;299;349;-510;-582;292;322
4069078;476;505;-847;-877;460;477
4070080;486;471;-821;-792;430;422
4071078;307;255;-432;-353;203;165
4072080;11;-42;146;238;-112;-168
4073078;-247;-273;648;708;-359;-399
4074080;-325;-312;839;838;-413;-324
4075088;-181;-140;641;579;-244;-35
4076079;100;146;166;78;64;281
4077079;378;407;-333;-401;361;399
4078080;531;534;-602;-615;494;445
4079079;502;483;-502;-454;398;355
4080075;307;274;-83;-1;122;73
4081076;38;3;436;511;-199;-231
4082078;-162;-185;781;811;-414;-446
4083078;-178;-176;755;724;-425;-413
4084075;0;35;352;271;-231;-201
4085076;270;324;-237;-330;66;107
4086088;473;510;-726;-785;310;395
4087076;495;485;-879;-872;376;383
4088076;321;267;-630;-560;235;200
4089079;30;-30;-114;-18;-36;-96
4090079;-246;-276;403;472;-304;-350
4091075;-381;-368;664;671;-442;-444
4092076;-308;-271;544;488;-378;-338
4093078;-68;-31;109;24;-136;65
4094078;207;231;-416;-487;169;204
4095075;372;381;-765;-789;378;384
4096076;352;344;-759;-729;379;271
4097091;177;150;-399;-328;174;141
4098078;-62;-100;142;223;-130;-309
4099078;-260;-290;605;659;-379;-411
4100079;-328;-330;761;761;-445;-382
4101078;-226;-196;527;469;-298;-266
4102080;-2;44;15;-76;-19;180
4103078;224;259;-518;-597;243;290
4104080;332;333;-802;-823;355;312
4105078;263;232;-689;-637;261;219
4106075;50;7;-231;-135;11;-46
4107091;-208;-241;344;432;-272;-401
4108077;-392;-401;757;791;-453;-457
4109077;-405;-392;811;778;-443;-415
4110078;-236;-207;493;416;-248;-79
4111078;27;63;-26;-106;28;56
4112080;248;277;-484;-530;250;320
4113078;328;333;-651;-646;323;327
4114080;241;216;-448;-396;229;108
4115078;33;-9;21;98;19;-14
4116075;-203;-240;519;587;-215;-340
4117092;-362;-372;792;816;-366;-382
4118077;-356;-337;689;651;-342;-227
4119078;-181;-144;248;161;-140;-95
4120080;74;111;-330;-423;136;297
4121078;276;296;-781;-831;340;365
4122080;328;323;-897;-878;375;293
4123078;214;186;-628;-554;243;199
4124080;-1;-39;-108;-20;17;-126
4125078;-213;-241;404;463;-195;-210
4126075;-312;-316;653;657;-295;-263
4127125;-237;-213;516;468;-223;-102
4128078;-20;19;75;-2;-5;19
4129080;217;253;-431;-503;242;355
4130079;339;350;-731;-759;377;396
4131080;274;250;-653;-618;318;196
4132078;47;0;-227;-140;89;49
4133080;-234;-280;341;435;-202;-260
4134078;-443;-462;778;828;-421;-459
4135080;-481;-465;880;858;-460;-363
4136079;-326;-288;604;526;-294;-239
4137124;-55;-14;94;6;-6;184
4138077;192;217;-381;-434;254;333
4139077;286;287;-574;-568;353;337
4140078;193;168;-387;-329;254;108
4141078;-20;-60;65;144;26;-9
4142080;-238;-270;537;599;-205;-291
4143078;-354;-360;793;807;-326;-324
4144075;-320;-297;715;675;-271;-160
4145076;-152;-115;342;269;-57;-32
4146078;76;107;-161;-232;220;377
4147079;261;274;-575;-614;428;493
4148091;311;304;-719;-712;465;397
4149079;198;176;-534;-487;316;141
4150079;-23;-54;-116;-48;51;-6
4151075;-248;-277;327;385;-205;-250
4152076;-372;-385;573;594;-330;-331
4153078;-335;-322;501;470;-256;-100
4154078;-151;-114;150;78;-17;35
4155075;91;133;-298;-373;265;394
4156076;267;289;-613;-648;446;448
4157078;276;263;-620;-593;434;323
4158079;110;68;-290;-214;233;56
4159090;-142;-188;249;336;-57;-222
4160079;-344;-367;750;806;-294;-370
4161079;-387;-374;964;965;-360;-365
4162075;-241;-201;783;730;-225;-63
4163080;26;70;309;226;35;84
4164079;281;308;-204;-278;280;383
4165078;391;391;-502;-526;376;330
4166075;304;278;-450;-411;267;93
4167075;73;33;-91;-10;6;-55
4168077;-179;-214;387;464;-278;-406
4169092;-324;-337;736;766;-444;-433
4170077;-279;-260;756;726;-410;-276
4171077;-52;-8;414;340;-191;-147
4172079;251;300;-126;-209;109;265
4173078;479;506;-590;-643;342;396
4174080;522;512;-741;-738;389;318
4175078;380;339;-508;-448;230;207
4176075;142;96;-20;67;-44;-223
4177075;-78;-102;472;542;-293;-333
4178077;-193;-185;726;739;-397;-371
4179077;-150;-124;621;569;-309;-282
4180089;40;67;214;129;-68;136
4181078;296;318;-290;-362;221;376
4182078;484;502;-648;-673;428;460
4183080;498;502;-687;-658;454;354
4184078;325;301;-390;-326;284;102
4185080;52;3;94;164;-10;-194
4186079;-185;-232;532;579;-297;-409
4187080;-280;-288;711;717;-445;-439
4188078;-195;-155;549;508;-385;-260
4189080;20;79;130;56;-148;43
4190093;255;291;-336;-407;145;306
4191077;384;376;-613;-641;339;377
4192078;333;295;-551;-516;328;210
4193079;129;91;-171;-88;116;-95
4194078;-119;-140;345;430;-179;-361
4195080;-288;-292;744;785;-397;-437
4196079;-293;-286;829;806;-413;-286
4197080;-130;-112;560;488;-211;8
4198078;117;149;71;-8;106;298
4199080;320;354;-400;-451;379;447
4200088;371;383;-630;-633;464;384
4201078;249;220;-516;-474;318;140
4202079;21;-34;-119;-52;26;-155
4203080;-211;-255;364;430;-248;-345
4204078;-351;-353;697;731;-358;-326
4205080;-328;-293;704;688;-257;-114
4206079;-136;-92;374;307;-13;171
4207080;144;173;-134;-222;252;392
4208078;372;382;-575;-635;426;457
4209080;434;430;-735;-732;438;345
4210172;317;300;-537;-244;146;99
4211077;105;76;-74;14;0;-181
4212078;-77;-108;432;498;-267;-364
4213080;-138;-149;722;733;-384;-344
4214079;-52;-29;619;574;-276;-115
4215075;138;184;159;77;0;201
4216076;346;384;-412;-495;295;432
4217078;472;477;-780;-821;452;450
4218079;443;414;-741;-712;393;247
4219075;249;208;-318;-226;147;-72
4220088;-27;-60;272;378;-171;-354
4221092;-250;-266;742;799;-413;-469
4222080;-300;-295;875;851;-464;-370
4223079;-143;-118;621;537;-301;-113
4224075;141;183;112;22;-9;178
4225076;401;443;-400;-449;267;365
4226078;502;516;-660;-656;389;354
4227079;403;372;-534;-489;297;150
4228080;165;107;-86;-19;45;-137
4229078;-90;-136;444;512;-227;-264
4230079;-248;-252;772;811;-374;-373
4231078;-236;-202;721;703;-320;-188
4232090;-54;-10;319;238;-93;107
4233075;211;239;-227;-331;198;367
4234075;424;431;-658;-719;418;469
4235077;474;467;-778;-757;457;364
4236077;348;330;-548;-463;293;106
4237079;122;94;-96;-6;7;-173
4238078;-87;-118;347;388;-250;-335
4239080;-186;-202;554;537;-351;-306
4240078;-124;-108;416;364;-256;-114
4241080;80;124;-1;-59;-25;140
4242093;342;390;-492;-541;226;343
4243077;539;560;-823;-853;387;409
4244078;575;559;-843;-840;389;305
4245079;434;392;-545;-496;228;72
4246079;186;145;-64;17;-23;-178
4247080;-39;-59;376;448;-240;-316
4248078;-127;-122;570;584;-309;-261
4249080;-40;-15;423;365;-194;-43
4250078;171;203;10;-84;44;222
4251080;394;421;-453;-525;289;401
4252088;517;527;-718;-725;420;403
4253078;482;468;-622;-566;359;214
4254079;303;269;-189;-105;118;-88
4255080;67;28;368;439;-196;-364
4256079;-106;-128;769;800;-427;-472
4257080;-124;-115;824;805;-454;-358
4258078;24;62;531;470;-274;-91
4259080;269;314;55;-20;9;186
4260078;481;507;-371;-425;253;336
4261080;540;533;-554;-559;339;285
4262088;405;368;-413;-364;218;49
4263078;139;92;-18;56;-56;-260
4264079;-116;-148;421;484;-354;-491
4265080;-224;-225;663;680;-523;-520
4266079;-127;-97;557;516;-475;-335
4267080;124;171;134;52;-239;-35
4268078;413;453;-410;-493;62;226
4269080;606;620;-826;-868;278;321
4270078;615;599;-925;-907;304;207
4271080;448;411;-673;-608;131;-52
4272091;196;157;-208;-129;-149;-324
4273078;-10;-32;231;283;-396;-477
4274079;-75;-70;422;423;-488;-439
4275075;27;55;274;225;-381;-226
4276076;249;285;-134;-208;-125;61
4277078;496;526;-592;-655;154;281
4278079;658;669;-860;-881;313;315
4279075;646;635;-785;-751;269;144
4280076;457;425;-386;-310;51;-136
4281078;185;143;150;233;-227;-383
4282089;-27;-58;572;620;-431;-478
4283079;-77;-76;687;674;-463;-376
4284079;44;81;450;385;-306;-128
4285075;265;314;-16;-99;-33;142
4286076;472;501;-481;-538;214;298
4287078;562;555;-707;-712;309;262
4288079;486;452;-578;-530;210;65
4289075;275;237;-159;-83;-21;-190
4290076;32;9;337;405;-272;-387
4291078;-115;-119;662;690;-426;-434
4292091;-90;-77;653;626;-403;-294
4293079;93;120;307;236;-199;-11
4294078;335;370;-208;-290;103;285
4295079;507;533;-641;-694;357;441
4296079;524;522;-779;-773;429;364
4297080;384;349;-561;-499;278;92
4298078;156;108;-109;-24;-13;-223
4299080;-51;-81;346;407;-296;-416
4300078;-142;-136;573;579;-425;-389
4301080;-66;-32;451;401;-337;-168
4302090;142;181;30;-47;-79;128
4303078;383;408;-473;-542;218;358
4304079;531;535;-796;-823;409;418
4305080;507;493;-767;-738;403;290
4306079;320;293;-408;-334;211;40
4307080;56;20;92;174;-61;-205
4308078;-172;-202;492;537;-270;-320
4309080;-263;-271;605;591;-308;-240
4310078;-173;-150;387;323;-160;-5
4311080;53;99;-51;-128;92;262
4312078;299;342;-499;-551;329;435
4313093;441;452;-746;-752;451;446
4314077;423;398;-680;-644;413;301
4315078;277;234;-342;-282;233;71
4316080;85;56;100;158;-6;-136
4317078;-46;-47;431;465;-186;-217
4318080;-35;-13;481;473;-205;-118
4319078;128;157;203;149;-44;116
4320080;359;384;-284;-364;210;360
4321078;526;541;-750;-818;416;472
4322080;535;533;-958;-974;452;374
4323092;380;354;-794;-741;286;103
4324077;127;84;-323;-227;-6;-209
4325077;-114;-153;234;321;-289;-412
4326079;-235;-245;611;640;-431;-412
4327078;-170;-143;620;581;-366;-214
4328080;49;98;266;184;-122;84
4329078;307;348;-255;-334;184;344
4330080;469;479;-659;-697;406;448
4331078;457;433;-740;-719;444;360
4332080;279;237;-471;-405;295;139
4333092;18;-16;0;76;49;-100
4334077;-204;-220;443;494;-168;-243
4335078;-283;-278;654;657;-253;-220
4336080;-173;-151;536;492;-167;-41
4337078;74;108;142;73;48;211
4338080;335;372;-339;-403;291;413
4339077;489;509;-671;-703;443;459
4340078;469;457;-691;-674;421;313
4341079;287;245;-395;-332;226;41
4342075;24;-24;63;142;-52;-220
4343092;-187;-213;446;497;-276;-340
4344078;-225;-213;544;536;-330;-252
4345079;-62;-19;293;226;-180;1
4346075;217;267;-182;-271;103;299
4347076;475;504;-638;-700;383;494
4348078;597;593;-843;-843;514;477
4349079;532;504;-685;-626;413;241
4350075;304;268;-229;-145;123;-99
4351076;14;-17;314;383;-208;-372
4352078;-192;-211;690;716;-418;-448
4353091;-210;-207;723;700;-421;-311
4354079;-49;-19;414;352;-232;-45
4355079;187;232;-69;-143;46;215
4356075;379;411;-494;-546;279;346
4357076;439;435;-657;-660;347;276
4358078;343;306;-466;-415;204;25
4359079;132;87;6;89;-89;-290
4360079;-94;-119;535;612;-387;-513
4361078;-225;-222;847;876;-541;-533
4362079;-198;-176;775;736;-483;-348
4363091;-27;-1;355;265;-253;-61
4364078;200;224;-201;-293;27;178
4365079;375;391;-635;-679;221;255
4366080;408;410;-757;-733;234;134
4367078;274;254;-523;-453;60;-122
4368080;20;-21;-49;25;-221;-400
4369078;-249;-294;437;485;-482;-578
4370080;-404;-424;699;707;-602;-569
4371078;-350;-329;602;570;-515;-368
4372080;-99;-44;196;132;-259;-64
4373092;218;275;-305;-379;40;192
4374077;423;445;-644;-690;236;268
4375077;403;375;-646;-630;230;123
4376079;179;119;-307;-228;31;-159
4377078;-127;-180;206;306;-251;-424
4378080;-368;-384;632;690;-469;-521
4379078;-433;-411;738;718;-494;-383
4380080;-298;-260;450;365;-289;-59
4381078;-37;-5;-93;-192;64;298
4382080;209;227;-610;-669;392;509
4383094;314;317;-835;-827;523;462
4384092;227;212;-655;-593;389;190
4385079;-7;-40;-164;-81;74;-151
4386079;-277;-320;400;468;-248;-385
4387080;-455;-483;771;798;-418;-406
4388078;-444;-434;786;763;-365;-218
4389080;-240;-191;459;394;-122;82
4390078;54;113;-29;-107;189;353
4391080;287;318;-428;-479;417;464
4392078;346;329;-540;-534;449;355
4393080;212;163;-307;-244;261;62
4394078;-38;-85;165;253;-66;-282
4395091;-285;-304;653;718;-378;-506
4396075;-416;-406;911;920;-517;-484
4397076;-372;-351;799;750;-404;-216
4398077;-179;-158;359;277;-90;160
4399077;57;78;-197;-274;268;454
4400079;215;234;-598;-635;498;525
4401078;223;227;-646;-627;495;358
4402080;80;56;-320;-250;271;48
4403078;-152;-197;218;306;-56;-246
4404080;-371;-411;697;759;-322;-385
4405091;-458;-463;867;868;-390;-303
4406079;-337;-300;633;568;-227;-37
4407079;-48;11;110;11;86;290
4408075;258;306;-430;-509;395;519
4409076;412;418;-707;-720;546;529
4410078;340;302;-574;-515;459;299
4411078;102;46;-96;1;170;-69
4412075;-163;-201;491;575;-193;-402
4413076;-324;-324;902;932;-465;-538
4414078;-303;-274;937;903;-514;-408
4415090;-107;-70;575;499;-311;-75
4416080;177;206;-6;-90;47;290
4417079;415;433;-516;-573;382;505
4418075;486;489;-700;-703;524;471
4419076;351;332;-477;-420;414;227
4420078;77;35;26;119;121;-99
4421078;-204;-252;563;643;-208;-360
4422075;-368;-392;885;908;-423;-444
4423076;-345;-325;850;806;-423;-309
4424078;-140;-86;472;388;-207;-9
4425077;158;211;-72;-152;114;297
4426088;400;422;-513;-552;364;434
4427078;450;432;-621;-606;403;313
4428078;280;236;-342;-281;208;-3
4429080;-8;-52;170;252;-117;-342
4430078;-260;-284;660;725;-410;-526
4431080;-357;-353;898;912;-527;-469
4432078;-263;-235;776;729;-406;-203
4433080;-25;13;344;260;-97;142
4434078;247;280;-201;-281;249;403
4435080;420;436;-598;-635;459;456
4436096;403;391;-636;-612;426;276
4437077;203;165;-280;-205;168;-49
4438078;-78;-125;296;388;-177;-358
4439079;-301;-333;799;863;-429;-483
4440078;-358;-352;962;961;-452;-346
4441080;-213;-172;683;612;-228;1
4442078;67;120;82;-26;144;397
4443080;344;380;-547;-638;495;646
4444078;473;473;-889;-912;659;630
4445080;383;350;-774;-715;564;371
4446090;118;70;-271;-163;260;6
4447078;-194;-234;356;452;-101;-284
4448079;-415;-431;793;826;-344;-367
4449080;-451;-439;827;786;-349;-212
4450078;-291;-258;447;359;-120;98
4451080;-10;30;-153;-242;219;408
4452078;256;288;-666;-716;492;562
4453080;376;385;-820;-812;558;477
4454078;285;261;-530;-465;386;190
4455080;26;-22;66;164;59;-164
4456079;-261;-310;689;776;-267;-414
4457094;-426;-444;1050;1081;-440;-437
4458077;-385;-358;978;934;-378;-223
4459078;-158;-103;509;410;-115;114
4460079;141;191;-125;-227;216;399
4461078;362;379;-599;-649;446;479
4462080;380;358;-666;-636;444;302
4463078;177;131;-302;-210;196;-50
4464080;-145;-191;281;383;-174;-391
4465078;-420;-447;767;822;-467;-538
4466075;-501;-499;895;875;-523;-411
4467093;-339;-305;587;504;-314;-80
4468077;-7;47;-24;-125;51;292
4469078;330;380;-664;-737;399;536
4470079;497;514;-1043;-1062;571;547
4471078;411;379;-1004;-966;493;326
4472075;124;60;-590;-513;208;-20
4473076;-205;-263;-19;63;-141;-321
4474078;-409;-424;425;475;-381;-422
4475078;-387;-352;525;515;-390;-273
4476075;-160;-101;234;165;-171;45
4477076;149;193;-294;-390;163;372
4478090;386;396;-785;-854;450;553
4479079;449;430;-974;-975;564;518
4480079;324;295;-747;-677;465;301
4481075;80;53;-201;-97;206;7
4482076;-166;-188;415;498;-92;-236
4483078;-300;-313;821;845;-294;-321
4484078;-253;-247;842;803;-306;-212
4485075;-43;-11;486;410;-131;33
4486076;234;283;-67;-144;133;285
4487078;458;495;-548;-596;342;401
4488079;525;523;-722;-723;379;300
4489090;400;358;-507;-457;207;14
4490079;139;83;-20;62;-103;-324
4491078;-121;-156;479;555;-411;-551
4492079;-239;-234;733;757;-573;-560
4493078;-148;-111;604;555;-511;-350
4494079;103;149;136;36;-250;-21
4495078;384;416;-465;-561;89;272
4496075;557;564;-918;-959;341;390
4497075;545;528;-1001;-971;379;272
4498077;363;331;-683;-604;181;-23
4499091;102;66;-139;-53;-144;-341
4500078;-109;-134;343;395;-421;-508
4501079;-163;-164;521;516;-503;-436
4502080;-25;4;309;252;-354;-167
4503078;258;307;-187;-271;-58;148
4504080;571;617;-737;-810;227;349
4505078;782;802;-1077;-1105;369;347
4506075;798;781;-1032;-1000;304;152
4507075;614;571;-603;-521;60;-148
4508076;322;275;14;110;-258;-428
4509090;74;46;513;576;-504;-556
4510078;1;7;638;630;-548;-456
4511079;140;176;331;250;-359;-162
4512080;413;461;-240;-349;-32;175
4513078;676;712;-782;-857;263;378
4514080;794;797;-1020;-1018;379;341
4515078;704;673;-824;-750;266;91
4516075;448;399;-278;-176;-15;-242
4517075;150;108;353;432;-332;-491
4518076;-36;-50;756;779;-525;-526
4519076;-9;11;740;703;-371;-321
4520089;224;271;340;262;-215;25
4521075;547;598;-222;-305;142;332
4522075;795;823;-665;-714;395;431
4523076;843;833;-774;-764;402;271
4524077;672;629;-501;-434;171;-51
4525078;377;324;12;103;-166;-366
4526079;115;81;499;565;-443;-528
4527080;23;28;700;704;-535;-471
4528078;151;191;506;443;-405;-227
4529080;427;479;9;-86;-114;98
4530078;709;744;-555;-633;212;370
4531088;861;864;-929;-952;432;469
4532075;816;790;-942;-906;445;343
4533075;598;558;-590;-517;245;50
4534077;311;275;-48;28;-65;-256
4535077;93;74;402;450;-323;-410
4536079;49;54;521;517;-395;-326
4537079;185;214;249;189;-245;-54
4538075;413;453;-262;-354;45;257
4539076;607;636;-751;-825;334;458
4540078;672;671;-980;-992;484;461
4541078;571;540;-837;-777;323;275
4542092;335;291;-371;-275;45;0
4543077;58;23;214;295;-92;-224
4544075;-133;-144;651;681;-276;-292
4545076;-151;-137;731;705;-275;-178
4546079;0;31;430;365;-101;54
4547079;235;269;-83;-158;150;296
4548075;438;461;-544;-598;363;435
4549076;517;518;-729;-736;437;397
4550078;432;409;-553;-505;329;181
4551078;213;176;-96;-13;-77;-123
4552090;-31;-66;424;502;-217;-365
4553079;-172;-186;750;780;-390;-397
4554079;-137;-119;709;673;-334;-175
4555075;47;89;319;234;-56;192
4556075;285;327;-219;-307;300;501
4557076;464;481;-641;-684;545;585
4558076;505;490;-754;-732;551;410
4559077;384;350;-522;-453;321;84
4560077;148;115;-71;4;-21;-227
4561079;-95;-117;369;414;-311;-390
4562092;-226;-232;569;569;-378;-344
4563077;-175;-162;416;374;-288;-113
4564077;29;60;-22;-91;3;199
4565079;280;320;-534;-604;427;445
4566079;450;476;-866;-904;486;487
4567080;452;444;-847;-826;421;276
4568078;278;235;-472;-394;138;-97
4569080;0;-54;87;184;-225;-440
4570078;-258;-291;566;629;-492;-569
4571080;-361;-355;733;725;-530;-418
4572078;-242;-204;505;432;-149;-72
4573089;47;97;-4;-100;224;293
4574075;359;397;-540;-607;383;514
4575075;526;536;-823;-831;550;501
4576077;460;435;-697;-645;459;269
4577077;201;152;-218;-132;157;-69
4578079;-105;-154;372;453;-193;-342
4579078;-298;-319;777;817;-401;-406
4580080;-284;-263;799;776;-363;-234
4581078;-76;-24;438;359;-126;63
4582080;218;269;-108;-203;272;310
4583090;455;476;-547;-604;340;366
4584078;524;508;-639;-622;323;212
4585079;389;351;-337;-254;131;-59
4586080;104;64;201;302;-141;-316
4587078;-199;-228;707;768;-377;-454
4588080;-367;-379;929;921;-473;-419
4589078;-308;-295;744;678;-376;-220
4590080;-58;-17;230;142;34;67
4591078;238;291;-357;-428;178;310
4592080;427;458;-719;-746;374;376
4593092;429;413;-683;-653;243;224
4594077;263;209;-294;-218;119;-63
4595077;19;-32;232;319;-162;-329
4596079;-173;-188;637;686;-421;-441
4597078;-216;-190;722;705;-422;-352
4598080;-93;-52;440;365;-164;-110
4599078;121;149;-72;-163;-22;172
4600080;316;322;-562;-621;346;363
4601078;404;397;-791;-790;393;365
4602080;351;342;-657;-603;213;171
4603092;178;164;-234;-157;-76;-117
4604077;-42;-67;284;347;-321;-345
4605078;-208;-238;661;690;-386;-397
4606075;-237;-248;726;711;-364;-257
4607076;-111;-85;452;399;-173;-1
4608078;108;160;-13;-85;211;246
4609079;309;351;-420;-478;305;373
4610075;389;388;-547;-554;372;315
4611076;303;260;-317;-259;251;93
4612078;84;32;158;254;-155;-198
4613078;-169;-196;649;727;-289;-419
4614090;-334;-329;917;929;-464;-461
4615079;-313;-290;840;783;-333;-301
4616080;-107;-80;468;382;-212;-27
4617075;163;190;-9;-73;60;209
4618076;337;358;-361;-376;248;280
4619077;325;325;-424;-397;179;147
4620079;153;120;-176;-127;67;-120
4621075;-90;-141;262;315;-215;-388
4622080;-310;-346;684;729;-451;-520
4623079;-420;-418;884;905;-479;-453
4624090;-355;-320;751;727;-264;-220
4625078;-127;-83;324;251;32;73
4626079;138;168;-200;-292;170;297
4627080;273;278;-561;-615;353;349
4628078;190;166;-563;-537;314;201
4629080;-57;-101;-200;-103;-33;-74
4630078;-334;-377;338;445;-176;-339
4631080;-517;-535;762;810;-440;-453
4632078;-545;-529;837;799;-437;-364
4633080;-408;-371;519;425;-293;-123
4634078;-158;-120;-30;-120;-33;147
4635092;93;116;-529;-571;300;318
4636078;212;214;-729;-715;329;311
4637078;128;109;-542;-488;270;131
4638080;-116;-154;-73;-5;-89;-130
4639078;-401;-444;438;497;-215;-335
4640080;-597;-623;741;770;-381;-375
4641078;-620;-612;693;673;-341;-230
4642080;-457;-415;321;251;-20;19
4643078;-181;-130;-197;-286;106;246
4644080;58;89;-618;-676;328;334
4645078;126;119;-733;-723;317;239
4646092;-5;-47;-476;-402;49;8
4647078;-243;-291;30;126;-200;-238
4648078;-446;-471;537;601;-297;-371
4649080;-520;-508;798;800;-332;-313
4650078;-442;-407;701;647;-246;-78
4651080;-246;-214;313;239;183;230
4652078;-20;-4;-159;-218;326;464
4653080;123;126;-482;-502;508;503
4654078;106;99;-493;-472;463;335
4655080;-60;-80;-195;-140;110;61
4656092;-286;-318;251;318;-139;-173
4657079;-462;-492;605;652;-266;-267
4658078;-509;-515;680;677;-268;-201
4659080;-398;-369;432;372;-152;-12
4660078;-160;-110;-25;-112;68;213
4661080;97;139;-484;-549;354;363
4662078;237;244;-732;-740;378;341
4663080;175;144;-651;-602;160;131
4664078;-45;-95;-278;-203;19;-169
4665080;-293;-330;212;275;-364;-401
4666091;-435;-439;591;619;-434;-440
4667075;-410;-382;688;675;-307;-273
4668076;-232;-193;473;428;-187;11
4669078;25;54;65;5;100;280
4670078;254;268;-319;-370;345;421
4671075;353;354;-476;-489;436;376
4672076;283;271;-318;-277;328;171
4673078;94;68;69;148;-58;-91
4674078;-106;-138;478;549;-175;-267
4675075;-223;-242;686;703;-284;-248
4676091;-200;-189;570;518;-73;-41
4677075;-32;6;164;74;58;234
4678076;211;257;-348;-424;312;435
4679078;409;434;-727;-751;471;470
4680079;449;437;-793;-763;438;328
4681075;309;270;-528;-467;247;58
4682076;77;34;-79;-17;-45;-230
4683078;-122;-144;322;363;-309;-393
4684078;-199;-189;483;487;-396;-332
4685075;-121;-91;329;292;-120;-76
4686090;77;107;-59;-125;166;213
4687080;306;327;-482;-548;276;365
4688078;451;459;-721;-748;360;308
4689079;433;426;-639;-606;145;94
4690078;264;239;-259;-178;20;-152
4691080;42;5;243;327;-303;-318
4692078;-110;-138;623;663;-362;-342
4693080;-114;-109;687;662;-258;-224
4694078;37;77;400;325;-40;-13
4695080;280;331;-98;-180;189;203
4696092;504;533;-552;-600;317;323
4697077;594;586;-725;-720;284;280
4698078;503;467;-533;-479;113;92
4699079;287;247;-80;-3;-107;-143
4700078;71;50;399;463;-278;-310
4701080;-28;-24;667;686;-323;-326
4702078;36;58;595;558;-207;-174
4703080;237;268;222;146;32;83
4704078;482;511;-265;-341;281;318
4705080;640;657;-629;-665;398;400
4706093;611;604;-691;-670;318;284
4707077;396;359;-430;-364;87;39
4708078;107;54;10;84;-167;-201
4709079;-111;-148;398;442;-308;-312
4710078;-165;-158;537;530;-264;-238
4711080;-43;2;362;309;-56;-16
4712078;185;237;-35;-104;206;240
4713080;409;431;-464;-517;389;404
4714078;515;502;-728;-743;408;398
4715080;451;419;-713;-686;259;228
4716090;259;231;-430;-376;3;-35
4717078;58;44;-20;38;-257;-288
4718079;-41;-42;312;350;-414;-425
4719080;-11;-1;409;407;-395;-381
4720078;108;126;234;189;-211;-177
4721080;262;284;-120;-184;38;78
4722078;412;430;-477;-528;222;246
4723080;507;514;-663;-671;259;251
4724078;479;472;-572;-535;147;113
4725080;311;286;-233;-168;-49;-88
4726091;82;45;194;255;-234;-254
4727077;-76;-104;491;518;-308;-301
4728077;-76;-72;497;476;-224;-197
4729079;76;117;207;146;-12;19
4730078;305;357;-227;-299;219;245
4731080;500;528;-581;-626;344;355
4732078;572;559;-672;-663;295;282
4733080;489;450;-448;-388;90;55
4734079;292;257;-9;69;-181;-225
4735075;75;62;435;492;-393;-422
4736088;-64;-61;677;685;-429;-424
4737079;-69;-61;601;560;-254;-213
4738079;63;74;249;182;51;108
4739075;273;294;-208;-269;334;374
4740076;456;485;-551;-582;456;456
4741078;507;524;-618;-607;374;335
4742078;386;367;-376;-326;137;87
4743075;150;96;61;131;-142;-175
4744076;-69;-121;483;540;-325;-330
4745078;-142;-149;669;683;-301;-281
4746088;-22;27;505;460;-65;-29
4747079;230;299;59;-26;251;294
4748079;482;520;-444;-525;465;496
4749075;600;583;-745;-774;455;449
4750076;511;462;-689;-646;233;185
4751078;252;208;-305;-215;-77;-143
4752075;-41;-60;210;293;-332;-370
4753076;-208;-207;588;619;-422;-408
4754076;-160;-146;632;598;-319;-268
4755077;67;93;317;242;-77;-29
4756091;349;387;-188;-265;185;204
4757078;553;585;-620;-663;342;333
4758079;594;598;-754;-747;314;295
4759080;458;423;-531;-476;119;99
4760078;202;146;-67;10;-135;-159
4761080;-51;-92;406;470;-312;-337
4762078;-165;-164;662;680;-321;-328
4763080;-67;-27;584;545;-155;-127
4764078;183;236;213;137;112;168
4765080;440;474;-267;-340;364;413
4766090;577;574;-617;-650;482;487
4767078;547;517;-657;-634;396;354
4768079;379;346;-364;-297;136;76
4769080;149;128;119;196;-174;-215
4770078;-38;-46;550;600;-373;-376
4771080;-86;-86;712;711;-351;-323
4772078;32;45;533;481;-124;-83
4773080;250;280;117;40;177;214
4774078;454;490;-320;-381;389;409
4775080;556;574;-562;-575;406;398
4776090;522;504;-495;-455;234;199
4777078;369;325;-156;-86;-31;-78
4778079;168;129;288;351;-274;-307
4779080;31;22;616;644;-389;-390
4780078;41;66;661;642;-317;-288
4781080;197;236;394;338;-83;-39
4782078;410;440;-60;-130;197;234
4783080;570;577;-496;-549;378;392
4784078;605;593;-714;-727;367;352
4785080;511;490;-611;-575;182;144
4786089;330;309;-230;-160;-81;-123
4787078;139;120;253;325;-300;-325
4788079;22;10;600;638;-371;-366
4789080;38;40;630;611;-251;-219
4790078;182;205;323;253;8;52
4791080;385;422;-156;-241;278;313
4792078;548;576;-549;-600;421;431
4793080;587;585;-641;-627;367;345
4794078;470;436;-373;-300;135;91
4795080;237;190;130;221;-176;-223
4796093;-3;-35;624;685;-431;-458
4797077;-122;-123;858;859;-503;-498
4798078;-55;-27;704;649;-353;-317
4799080;154;195;231;148;-60;-10
4800079;390;421;-325;-399;211;250
4801075;527;534;-685;-716;309;312
4802076;498;479;-675;-647;184;146
4803078;315;280;-310;-233;-85;-142
4804078;61;26;225;313;-354;-396
4805075;-146;-167;674;727;-492;-492
4806089;-213;-211;816;807;-445;-409
4807079;-112;-87;578;511;-248;-203
4808079;105;141;74;-15;1;27
4809075;329;360;-439;-506;187;189
4810076;440;449;-701;-712;217;206
4811077;373;351;-585;-536;79;60
4812079;159;115;-169;-86;-149;-174
4813075;-93;-134;322;395;-340;-366
4814076;-262;-278;636;660;-384;-395
4815077;-275;-257;608;572;-251;-228
4816088;-124;-86;243;166;7;60
4817079;128;165;-286;-366;281;332
4818078;361;382;-726;-772;441;456
4819079;446;445;-865;-857;396;364
4820078;329;305;-636;-579;153;95
4821079;70;29;-149;-68;-169;-219
4822078;-194;-235;362;429;-411;-426
4823080;-339;-356;653;674;-454;-434
4824078;-306;-286;590;553;-294;-255
4825080;-118;-72;221;144;-22;14
4826091;131;175;-252;-329;231;253
4827078;312;327;-582;-615;355;358
4828079;326;306;-584;-555;293;277
4829080;164;124;-234;-156;77;44
4830078;-92;-130;308;395;-183;-222
4831080;-324;-343;776;829;-357;-381
4832078;-424;-421;932;925;-354;-346
4833080;-342;-321;699;636;-176;-134
4834078;-111;-78;195;106;87;139
4835080;155;191;-335;-406;300;330
4836091;323;345;-642;-660;345;332
4837077;306;297;-581;-540;184;138
4838077;118;77;-193;-114;-101;-153
4839079;-133;-185;312;388;-363;-391
4840078;-316;-343;672;707;-469;-462
4841080;-335;-317;706;682;-378;-345
4842078;-179;-130;398;327;-142;-103
4843080;71;118;-107;-189;133;162
4844078;291;308;-580;-634;338;350
4845080;369;353;-803;-806;380;376
4846089;266;235;-674;-628;234;212
4847078;36;6;-257;-184;-32;-70
4848079;-205;-226;241;309;-284;-324
4849079;-344;-353;578;610;-385;-401
4850080;-318;-311;592;571;-280;-253
4851078;-134;-108;279;212;-24;34
4852080;129;171;-203;-283;250;303
4853078;359;395;-613;-665;393;402
4854080;447;453;-743;-737;312;271
4855078;347;316;-534;-472;35;-29
4856075;111;59;-102;-20;-301;-349
4857089;-139;-179;323;379;-528;-535
4858078;-277;-281;525;526;-534;-506
4859079;-237;-206;401;350;-331;-289
4860080;-39;3;4;-68;-34;2
4861078;218;249;-477;-537;214;234
4862080;408;416;-810;-834;315;315
4863078;430;418;-827;-807;247;229
4864080;264;238;-513;-455;64;34
4865079;-8;-43;-18;56;-135;-164
4866075;-251;-283;422;480;-247;-259
4867090;-344;-356;595;605;-199;-185
4868079;-247;-224;414;363;0;38
4869079;-4;45;-39;-128;266;311
4870075;272;321;-541;-618;477;504
4871076;447;463;-829;-851;528;520
4872078;422;395;-748;-700;379;341
4873078;203;151;-332;-242;88;39
4874075;-85;-131;204;286;-203;-239
4875076;-275;-289;595;627;-349;-356
4876078;-261;-237;650;620;-277;-251
4877111;-65;-18;350;32;-33;13
4878080;197;239;-148;-224;253;296
4879079;394;409;-596;-642;436;452
4880075;433;417;-770;-769;419;399
4881076;293;259;-593;-545;196;149
4882078;39;4;-165;-91;-137;-187
4883078;-205;-229;285;350;-420;-452
4884079;-317;-323;521;541;-508;-505
4885078;-237;-220;415;375;-357;-320
4886079;0;37;16;-65;-53;0
4887089;277;322;-476;-556;247;289
4888078;461;486;-820;-852;406;413
4889079;458;444;-843;-811;363;333
4890080;273;225;-532;-456;154;107
4891078;13;-38;-32;45;-104;-141
4892080;-176;-198;423;467;-269;-277
4893078;-199;-178;620;617;-240;-218
4894080;-56;-9;470;426;-25;14
4895078;173;212;52;-13;260;300
4896075;381;392;-425;-488;468;490
4897092;484;472;-734;-766;496;488
4898092;443;426;-728;-709;332;294
4899079;266;251;-405;-338;42;-6
4900078;12;-7;91;174;-254;-291
4901080;-213;-243;522;579;-429;-439
4902078;-310;-333;669;666;-400;-379
4903080;-236;-227;446;382;-173;-131
4904078;-39;7;-44;-134;142;187
4905080;179;233;-555;-626;385;414
4906079;315;334;-830;-843;433;428
4907080;297;266;-728;-679;261;222
4908078;112;56;-295;-210;-44;-99
4909089;-165;-207;265;343;-331;-373
4910078;-392;-400;678;715;-457;-459
4911079;-436;-417;737;716;-353;-315
4912080;-277;-246;411;341;-70;-14
4913078;-14;16;-126;-213;246;290
4914080;214;237;-595;-656;426;435
4915078;311;318;-757;-757;364;335
4916075;245;229;-534;-470;81;28
4917075;42;6;-39;55;-277;-329
4918076;-202;-242;482;555;-528;-554
4919076;-350;-371;771;784;-556;-541
4920088;-295;-278;683;632;-364;-316
4921075;-44;8;265;180;-53;0
4922075;275;335;-271;-345;240;272
4923077;496;525;-655;-685;393;391
4924077;511;488;-690;-665;336;308
4925078;314;256;-353;-284;91;52
4926079;2;-51;188;271;-221;-258
4927080;-268;-289;662;721;-437;-460
4928078;-356;-341;828;831;-444;-438
4929080;-222;-184;600;540;-244;-205
4930088;50;89;94;-1;57;113
4931076;317;344;-437;-516;315;356
4932076;467;474;-732;-750;399;397
4933078;456;443;-653;-601;261;216
4934079;291;264;-251;-162;-35;-95
4935075;35;0;272;347;-334;-374
4936076;-188;-217;657;683;-469;-467
4937078;-243;-250;709;680;-362;-322
4938079;-88;-58;394;329;-71;-17
4939083;179;235;-128;-202;245;286
4940093;398;443;-590;-643;424;433
4941080;454;451;-755;-762;376;350
4942079;331;280;-549;-499;128;81
4943075;92;32;-82;5;-187;-233
4944076;-152;-179;424;502;-408;-430
4945078;-286;-270;732;757;-416;-402
4946079;-234;-199;696;653;-202;-156
4947075;-10;19;324;240;131;186
4948076;285;304;-200;-279;425;462
4949077;517;533;-605;-641;549;547
4950093;589;601;-671;-650;454;418
4951077;484;475;-357;-289;195;146
4952077;255;216;189;274;-98;-135
4953078;0;-50;713;778;-281;-290
4954078;-161;-189;969;982;-264;-244
4955076;-143;-123;837;791;-66;-28
4956080;50;107;389;303;198;237
4957078;303;357;-148;-230;391;412
4958080;455;466;-503;-537;418;409
4959091;404;366;-497;-464;270;234
4960092;170;111;-136;-53;15;-28
4961079;-129;-171;396;483;-234;-264
4962078;-353;-359;828;873;-362;-366
4963080;-395;-373;931;912;-299;-275
4964078;-230;-199;641;569;-63;-22
4965080;60;91;94;5;235;276
4966079;334;361;-440;-505;454;477
4967080;464;480;-696;-706;493;487
4968078;396;385;-545;-495;350;316
4969080;169;128;-75;12;106;61
4970088;-102;-155;461;542;-123;-153
4971078;-281;-310;785;814;-224;-223
4972079;-269;-249;735;693;-128;-98
4973080;-63;-6;341;252;130;175
4974078;227;284;-193;-280;417;456
4975080;450;470;-608;-646;569;581
4976079;497;472;-704;-678;496;472
4977080;361;315;-443;-374;232;181
4978078;127;92;37;111;-93;-146
4979080;-84;-92;499;676;-331;-357
4980093;-176;-166;719;724;-383;-367
4981077;-118;-103;604;566;-237;-193
4982078;56;73;221;156;28;73
4983079;262;282;-229;-294;289;312
4984078;398;418;-526;-558;418;415
4985080;401;406;-519;-498;346;323
4986079;276;253;-207;-139;103;69
4987080;84;42;263;343;-183;-220
4988078;-86;-118;668;717;-358;-382
4989080;-154;-153;819;812;-334;-325
4990092;-84;-49;654;597;-134;-90
4991077;94;135;251;179;135;190
4992077;291;312;-201;-254;345;374
4993079;406;401;-490;-505;385;369
4994078;389;368;-472;-447;218;168
4995080;256;235;-153;-98;-95;-148
4996079;74;59;302;368;-406;-436
4997075;-71;-82;648;694;-546;-544
4998076;-112;-117;685;680;-434;-404
4999078;-16;-6;370;304;-131;-83
5000091;185;215;-158;-257;199;246
5001079;404;444;-644;-719;392;413
5002079;534;557;-849;-852;365;346
5003075;498;483;-671;-601;147;95
5004076;303;254;-197;-98;-153;-207
5005078;42;-9;343;414;-404;-428
5006079;-141;-161;685;696;-494;-481
5007075;-137;-113;657;613;-385;-348
5008076;70;122;279;208;-136;-98
5009078;379;428;-238;-305;120;144
5010089;620;641;-609;-645;248;252
5011079;667;651;-632;-619;172;155
5012079;503;462;-303;-237;-71;-108
5013075;221;177;204;293;-355;-399
5014076;-35;-62;635;698;-525;-551
5015076;-136;-136;773;769;-482;-466
5016077;-21;6;529;456;-235;-179
5017077;266;312;-12;-113;95;159
5018078;576;621;-606;-683;347;378
5019079;736;755;-964;-982;400;380
5020091;661;636;-913;-868;235;180
5021078;400;342;-497;-415;-66;-118
5022079;99;42;46;126;-356;-379
5023080;-101;-118;433;471;-483;-474
5024078;-122;-93;473;449;-373;-344
5025080;32;81;164;91;-92;-54
5026079;285;320;-320;-404;194;229
5027080;512;520;-728;-776;341;357
5028078;602;592;-853;-840;299;282
5029080;518;502;-637;-573;110;66
5030088;316;297;-186;-108;-136;-181
5031078;109;85;284;339;-335;-355
5032079;-7;-26;557;567;-392;-378
5033080;17;19;512;479;-269;-235
5034078;179;211;190;130;-27;9
5035080;413;460;-239;-299;205;229
5036079;603;635;-565;-599;312;314
5037080;649;642;-641;-633;252;233
5038078;529;487;-442;-394;66;33
5039080;314;267;-60;206;-162;-194
5040092;117;96;328;379;-337;-355
5041077;33;46;539;550;-374;-369
5042078;98;129;456;423;-239;-212
5043079;282;308;112;48;11;51
5044078;494;509;-323;-388;248;282
5045080;626;632;-632;-665;344;352
5046079;606;602;-664;-646;252;224
5047080;442;423;-409;-348;19;-29
5048078;215;181;0;71;-240;-281
5049080;38;4;358;401;-396;-405
5050090;-5;-11;478;470;-362;-335
5051078;103;135;285;232;-150;-104
5052079;313;364;-132;-203;125;165
5053080;523;557;-567;-623;324;339
5054078;632;628;-804;-817;355;341
5055080;580;546;-726;-691;207;174
5056079;383;344;-376;-308;-52;-89
5057080;133;109;78;145;-303;-330
5058078;-49;-54;425;460;-417;-424
5059080;-86;-80;497;482;-326;-306
5060092;18;33;246;-39;-65;-21
5061077;197;220;-214;-288;239;288
5062078;359;382;-659;-717;436;462
5063075;426;436;-855;-866;430;413
5064076;359;343;-688;-641;221;169
5065078;180;143;-233;-148;-83;-140
5066079;-15;-52;274;354;-325;-352
5067075;-108;-118;568;596;-374;-356
5068076;-35;-8;495;450;-209;-160
5069078;168;217;95;3;77;125
5070089;401;441;-420;-505;331;354
5071079;550;555;-792;-822;423;414
5072079;542;515;-838;-802;305;273
5073075;371;333;-533;-458;38;-1
5074076;109;79;-30;42;-238;-271
5075077;-122;-137;407;448;-381;-393
5076079;-212;-213;551;546;-314;-295
5077075;-120;-106;333;283;-70;-25
5078076;107;139;-123;-198;229;279
5079078;368;409;-585;-651;447;473
5080090;546;574;-839;-860;483;470
5081078;555;548;-774;-737;313;268
5082078;384;341;-418;-342;6;-45
5083079;118;65;74;149;-291;-324
5084078;-103;-133;472;510;-427;-428
5085080;-173;-161;568;554;-334;-304
5086079;-63;-21;298;238;-73;-27
5087080;158;200;-204;-283;209;249
5088078;369;387;-674;-737;373;386
5089080;454;444;-867;-877;345;323
5090093;363;336;-686;-403;138;94
5091077;137;106;-235;-143;-150;-194
5092078;-106;-132;254;332;-386;-408
5093079;-249;-262;547;565;-448;-440
5094078;-229;-221;510;463;-299;-265
5095080;-60;-29;169;89;-10;35
5096079;181;222;-309;-374;272;309
5097080;383;412;-690;-715;405;414
5098078;438;437;-781;-763;320;293
5099080;303;268;-522;-473;64;13
5100091;35;-14;-35;285;-233;-280
5101077;-216;-253;432;493;-425;-442
5102077;-306;-306;639;663;-416;-393
5103079;-187;-148;490;451;-204;-156
5104078;63;117;71;-17;113;161
5105080;312;346;-398;-485;379;405
5106079;443;439;-686;-713;459;451
5107080;403;371;-650;-600;315;280
5108078;205;168;-291;-200;38;-8
5109080;-74;-101;233;310;-224;-258
5110092;-307;-321;673;792;-342;-347
5111077;-367;-370;812;792;-270;-241
5112078;-218;-201;586;536;-53;-8
5113079;56;98;123;61;199;235
5114078;309;357;-328;-382;361;370
5115080;419;438;-531;-552;352;333
5116079;344;314;-386;-352;179;143
5117080;128;67;29;111;-66;-101
5118078;-122;-170;503;589;-261;-279
5119080;-278;-280;793;827;-314;-309
5120090;-248;-210;738;499;-201;-175
5121078;-47;0;343;247;32;68
5122079;211;239;-215;-306;277;309
5123080;390;391;-672;-710;399;411
5124078;411;396;-810;-785;320;301
5125080;279;259;-577;-513;69;22
5126079;60;38;-108;-39;-229;-281
5127075;-150;-173;351;398;-431;-455
5128076;-254;-270;581;591;-442;-423
5129078;-192;-185;486;455;-256;-206
5130092;8;45;131;-158;36;86
5131078;249;297;-305;-371;285;309
5132079;408;435;-608;-644;356;343
5133075;412;395;-616;-598;214;176
5134076;256;206;-302;-234;-53;-96
5135078;8;-38;202;288;-299;-326
5136079;-216;-233;657;715;-396;-396
5137075;-305;-290;828;827;-296;-269
5138076;-223;-194;617;556;-46;-2
5139078;-27;-1;135;45;242;281
5140090;174;189;-359;-570;437;454
5141079;287;293;-607;-618;443;430
5142079;264;259;-490;-436;243;204
5143075;109;89;-78;7;-85;-135
5144076;-118;-151;426;497;-394;-433
5145078;-308;-340;792;815;-536;-544
5146077;-353;-360;846;819;-442;-413
5147078;-212;-181;558;498;-162;-107
5148078;49;105;74;7;168;219
5149079;289;334;-346;-395;388;408
5150090;366;365;-487;-405;389;367
5151078;222;173;-287;-240;174;123
5152079;-74;-139;139;220;-139;-190
5153080;-366;-406;582;653;-380;-404
5154078;-497;-489;823;840;-417;-402
5155080;-401;-357;728;679;-230;-185
5156079;-133;-83;311;224;86;138
5157080;167;197;-242;-322;375;408
5158078;356;360;-661;-697;493;493
5159080;365;349;-733;-711;377;344
5160089;212;187;-431;-107;80;29
5161078;-22;-50;77;159;-244;-289
5162079;-239;-263;530;587;-429;-446
5163080;-340;-351;704;705;-390;-366
5164078;-269;-256;517;461;-157;-106
5165080;-51;-13;68;-16;147;197
5166079;198;244;-414;-482;381;402
5167080;335;358;-682;-698;433;418
5168078;279;256;-594;-549;277;237
5169080;55;-1;-184;-102;-6;-50
5170154;-227;-281;587;649;-267;-295
5171080;-438;-454;762;800;-374;-374
5172078;-472;-446;861;844;-282;-256
5173080;-303;-257;621;560;-45;-4
5174078;-9;28;177;105;229;266
5175080;254;273;-237;-287;411;428
5176079;352;349;-408;-411;406;393
5177080;248;227;-236;-189;204;164
5178078;16;-17;201;279;-100;-149
5179080;-217;-252;692;763;-356;-389
5180092;-342;-357;986;998;-428;-426
5181077;-293;-275;916;881;-273;-233
5182077;-90;-45;486;400;40;98
5183079;159;204;-120;-216;362;407
5184078;315;331;-620;-678;530;538
5185080;295;271;-779;-662;456;423
5186079;119;71;-543;-473;172;115
5187080;-123;-163;-69;21;-187;-238
5188078;-329;-340;374;432;-444;-466
5189080;-410;-396;548;541;-468;-452
5190091;-317;-293;362;79;-244;-197
5191078;-76;-52;-83;-167;107;163
5192079;202;230;-559;-617;395;432
5193075;382;406;-822;-830;463;458
5194076;376;379;-740;-698;279;232
5195078;199;167;-347;-277;-57;-122
5196079;-55;-111;177;247;-378;-423
5197075;-274;-315;601;644;-529;-528
5198076;-352;-347;736;734;-445;-403
5199078;-239;-193;524;475;-171;-117
5200090;12;67;66;-266;160;198
5201079;270;300;-413;-630;397;408
5202079;398;390;-663;-641;439;426
5203075;340;307;-543;-499;275;246
5204076;141;107;-101;-9;-15;-52
5205078;-93;-114;444;738;-295;-330
5206079;-253;-259;822;881;-430;-446
5207075;-253;-247;839;802;-352;-333
5208076;-79;-57;471;384;-93;-43
5209078;197;235;-116;-207;221;278
5210092;447;487;-645;-827;442;470
5211077;549;565;-858;-776;464;444
5212077;457;430;-660;-365;279;225
5213078;216;159;-171;184;-14;-67
5214078;-57;-108;348;585;-262;-284
5215079;-236;-247;636;634;-330;-313
5216079;-236;-205;552;309;-181;-141
5217080;-66;-19;136;-230;99;141
5218078;180;212;-411;-721;358;384
5219080;381;386;-824;-915;454;454
5220150;438;426;-755;-699;331;304
5221076;321;302;-539;-460;46;0
5222077;78;54;35;402;-261;-307
5223078;-176;-206;546;720;-444;-464
5224078;-307;-330;728;624;-421;-401
5225079;-228;-220;499;176;-210;-159
5226079;38;88;-12;-386;89;140
5227080;363;431;-549;-787;334;358
5228078;580;618;-850;-841;405;392
5229080;577;554;-776;-534;266;228
5230090;361;290;-370;-20;-12;-55
5231078;42;-23;165;457;-285;-314
5232079;-212;-230;574;674;-410;-415
5233080;-265;-231;662;526;-321;-297
5234078;-78;-25;387;76;-56;-11
5235080;253;293;-121;-461;256;303
5236079;557;574;-612;-814;454;479
5237080;682;681;-837;-790;432;415
5238078;582;565;-678;-400;202;149
5239080;327;293;-217;154;-107;-165
5240093;54;12;318;595;-336;-363
5241077;-105;-131;669;714;-377;-356
5242078;-85;-73;672;466;-223;-172
5243079;95;143;324;-22;41;87
5244078;339;391;-202;-513;283;300
5245080;517;537;-640;-758;374;362
5246079;531;507;-758;-627;256;227
5247080;367;318;-495;-187;-19;-53
5248078;106;65;0;320;-319;-352
5249080;-119;-133;454;624;-504;-525
5250088;-198;-186;635;567;-495;-489
5251091;-95;-70;460;189;-308;-271
5252075;136;164;21;-322;-39;12
5253075;386;412;-478;-553;184;219
5254077;545;563;-809;-849;261;255
5255077;540;537;-809;-774;148;106
5256079;365;335;-471;-144;-105;-154
5257078;95;48;39;114;-374;-404
5258075;-134;-172;466;597;-520;-520
5259075;-201;-202;598;592;-463;-437
5260077;-75;-34;375;89;-226;-188
5261092;163;219;-90;-423;78;116
5262080;380;412;-573;-791;314;338
5263079;471;459;-837;-857;378;378
5264075;405;364;-751;-517;247;219
5265076;222;185;-352;-271;-8;-54
5266078;11;0;168;456;-256;-296
5267079;-116;-110;553;592;-369;-377
5268075;-95;-83;612;452;-289;-257
5269076;65;78;316;244;-48;3
5270077;285;306;-184;-503;235;277
5271079;461;488;-630;-780;411;421
5272093;512;526;-787;-690;375;349
5273078;405;387;-573;-277;137;90
5274079;171;122;-95;251;-170;-215
5275075;-92;-143;408;637;-383;-404
5276076;-249;-266;694;694;-395;-380
5277077;-200;-170;628;404;-203;-160
5278076;40;99;246;-88;104;154
5279077;348;399;-261;-541;386;418
5280077;562;575;-639;-719;495;494
5281079;580;554;-684;-515;363;329
5282091;412;368;-360;-21;53;0
5283078;154;119;173;515;-275;-322
5284079;-70;-83;650;824;-463;-479
5285080;-168;-162;838;760;-426;-400
5286079;-101;-85;653;363;-191;-138
5287080;98;121;185;-177;129;180
5288078;342;371;-348;-608;386;409
5289080;518;544;-691;-723;459;446
5290078;540;543;-670;-456;318;280
5291080;391;361;-287;66;36;-5
5292090;144;93;261;577;-238;-268
5293078;-65;-104;691;805;-362;-368
5294079;-120;-117;775;621;-269;-246
5295080;8;54;464;112;-11;34
5296079;244;300;-89;-465;275;321
5297080;458;485;-614;-825;444;462
5298078;544;527;-854;-795;412;389
5299080;459;418;-698;-404;197;145
5300078;229;194;-226;149;-94;-144
5301080;-52;-70;325;596;-321;-341
5302092;-250;-258;689;730;-376;-359
5303077;-250;-250;692;493;-237;-199
5304077;-36;-16;339;2;23;61
5305078;274;322;-189;-495;277;300
5306079;511;562;-617;-735;399;402
5307080;548;559;-712;-573;331;313
5308078;379;329;-416;-81;107;73
5309080;103;24;119;482;-159;-199
5310078;-134;-179;617;813;-340;-365
5311080;-219;-197;817;733;-337;-329
5312148;-112;-47;374;280;-129;-85
5313080;137;189;87;-322;201;260
5314079;398;406;-498;-776;489;531
5315080;523;501;-852;-857;577;574
5316079;442;418;-793;-530;419;371
5317080;201;185;-354;31;107;43
5318078;-68;-87;228;539;-199;-240
5319080;-236;-260;656;745;-356;-353
5320078;-232;-243;730;575;-294;-255
5321080;-61;-35;445;140;-47;0
5322078;202;259;-32;-335;253;285
5323092;431;481;-468;-632;449;458
5324078;511;513;-667;-626;437;423
5325079;409;358;-549;-326;228;194
5326075;186;123;-167;139;-68;-112
5327076;-44;-72;311;570;-312;-346
5328078;-177;-159;673;767;-389;-392
5329079;-150;-113;747;627;-264;-230
5330075;24;48;494;207;4;57
5331076;253;260;29;-46;283;325
5332078;424;429;-416;-602;432;438
5333090;472;481;-618;-569;372;340
5334079;399;401;-466;-195;131;81
5335079;240;219;-24;333;-174;-216
5336076;40;0;491;749;-398;-413
5337076;-129;-162;814;830;-421;-407
5338078;-179;-179;764;524;-220;-182
5339079;-50;-12;351;-30;116;163
5340075;210;264;-230;-563;419;458
5341076;460;498;-691;-811;534;543
5342077;554;551;-798;-649;405;373
5343138;433;391;-244;-159;99;38
5344078;160;106;44;409;-236;-292
5345078;-120;-155;565;772;-447;-464
5346080;-262;-262;804;748;-438;-408
5347078;-195;-163;639;346;-222;-167
5348080;39;83;153;-230;72;118
5349078;310;345;-405;-676;272;284
5350080;478;489;-738;-746;261;236
5351078;472;456;-661;-396;48;3
5352080;309;276;-212;184;-250;-292
5353078;76;41;371;692;-490;-512
5354090;-102;-121;790;866;-574;-568
5355078;-111;-103;828;621;-477;-450
5356079;85;121;458;66;-240;-204
5357080;395;447;-152;-538;39;71
5358078;649;689;-707;-903;231;249
5359080;706;706;-935;-849;236;231
5360078;536;490;-724;-404;49;16
5361080;226;160;-191;204;-229;-278
5362078;-83;-126;391;665;-441;-477
5363080;-261;-260;730;746;-466;-460
5364092;-242;-206;667;423;-284;-234
5365079;-49;-8;253;-115;18;82
5366075;208;232;-283;-577;301;338
5367075;386;391;-660;-722;431;422
5368077;387;377;-680;-477;346;304
5369077;218;195;-328;34;82;36
5370078;-13;-46;224;561;-231;-261
5371078;-177;-204;701;849;-432;-441
5372080;-189;-189;866;759;-414;-403
5373078;-43;-8;639;332;-195;-163
5374091;192;244;131;-231;103;148
5375078;404;438;-414;-666;324;360
5376079;477;470;-739;-767;353;352
5377080;367;325;-702;-497;178;133
5378078;135;88;-335;-2;-109;-172
5379080;-91;-116;167;461;-366;-405
5380078;-212;-205;557;661;-464;-454
5381080;-189;-165;640;498;-351;-303
5382078;-47;-24;369;47;-70;-18
5383080;153;167;-135;-481;250;280
5384089;330;340;-634;-834;458;461
5385078;402;411;-879;-837;455;439
5386079;330;327;-748;-486;253;225
5387080;140;113;-303;52;-40;-76
5388078;-83;-127;235;512;-289;-322
5389080;-242;-273;601;663;-385;-396
5390079;-258;-251;613;426;-287;-262
5391075;-108;-63;266;-78;-31;19
5392076;157;211;-264;-593;267;318
5393078;413;444;-711;-853;463;482
5394134;517;509;-762;-721;449;425
5395077;397;360;-587;-249;224;171
5396078;106;59;-47;345;-94;-146
5397075;-210;-247;528;790;-332;-354
5398076;-399;-412;865;870;-357;-339
5399078;-370;-353;795;539;-166;-120
5400078;-139;-97;345;-50;127;176
5401075;183;233;-265;-606;366;391
5402076;437;470;-726;-840;431;420
5403078;494;490;-804;-630;290;252
5404078;341;299;-466;-97;10;-34
5405089;79;24;98;462;-272;-304
5406079;-146;-178;584;744;-416;-422
5407079;-221;-209;734;600;-351;-329
5408079;-106;-62;465;101;-111;-68
5409078;138;184;-99;-505;191;235
5410079;381;404;-680;-922;413;437
5411078;485;479;-984;-948;446;437
5412080;388;360;-867;-589;270;230
5413078;137;99;-413;-53;-29;-81
5414080;-140;-173;121;378;-297;-333
5415095;-303;-320;461;496;-387;-386
5416091;-266;-254;452;264;-256;-217
5417075;-38;3;123;-186;20;75
5418075;269;323;-357;-643;295;333
5419077;499;533;-763;-892;429;430
5420077;535;525;-901;-810;352;317
5421078;366;316;-696;-424;91;43
5422078;87;30;-241;89;-228;-267
5423080;-153;-180;250;482;-444;-460
5424078;-242;-227;539;557;-446;-432
5425080;-160;-120;487;281;-236;-197
5426079;26;59;131;-188;72;121
5427090;221;231;-336;-599;321;355
5428078;346;339;-673;-739;393;391
5429079;356;348;-708;-543;263;225
5430080;237;231;-418;-105;0;-52
5431078;25;9;62;371;-275;-311
5432080;-188;-220;510;669;-445;-448
5433078;-286;-315;706;643;-431;-406
5434080;-204;-197;546;285;-228;-192
5435078;22;74;95;-246;73;107
5436075;278;343;-430;-694;316;340
5437089;438;463;-774;-833;367;370
5438078;422;386;-772;-589;206;178
5439079;229;163;-426;-84;-71;-123
5440080;-52;-99;94;422;-325;-371
5441078;-276;-278;527;665;-433;-440
5442080;-317;-287;648;515;-340;-301
5443078;-160;-126;389;56;-83;-24
5444080;95;117;-117;-471;221;264
5445078;318;331;-611;-802;427;433
5446075;414;421;-844;-783;428;402
5447089;346;340;-703;-431;221;181
5448078;135;108;-257;90;-81;-117
5449079;-130;-174;276;536;-311;-333
5450080;-315;-352;633;682;-354;-351
5451078;-311;-307;631;444;-212;-183
5452080;-107;-55;273;-60;21;65
5453078;194;262;-252;-572;240;273
5454080;438;474;-685;-830;355;358
5455079;503;483;-815;-707;308;281
5456076;366;309;-582;-271;102;62
5457091;110;59;-97;262;-173;-207
5458079;-120;-133;409;633;-376;-393
5459079;-198;-176;686;660;-397;-390
5460075;-81;-47;586;326;-226;-195
5461076;158;184;156;-201;49;94
5462078;384;400;-382;-653;297;333
5463078;488;494;-746;-794;396;402
5464075;431;422;-744;-545;297;265
5465076;242;215;-380;-34;43;-9
5466078;-4;-43;157;480;-243;-286
5467088;-205;-236;601;742;-416;-426
5468093;-254;-256;736;627;-379;-352
5469080;-107;-72;505;202;-146;-98
5470079;166;221;28;-311;162;207
5471075;413;454;-452;-654;385;405
5472076;500;498;-694;-655;406;392
5473078;392;348;-574;-319;208;167
5474077;162;107;-156;183;-113;-163
5475078;-71;-99;349;605;-398;-434
5476078;-205;-195;693;744;-497;-498
5477080;-193;-164;711;544;-350;-312
5478078;-51;-27;409;111;-30;29
5479089;153;163;-57;-340;297;347
5480075;326;333;-457;-586;469;479
5481075;386;395;-589;-497;410;376
5482077;302;301;-378;-95;159;102
5483077;107;80;93;441;-161;-207
5484078;-107;-152;606;853;-401;-415
5485078;-228;-259;912;931;-444;-426
5486075;-183;-169;857;632;-266;-229
5487075;12;69;464;106;45;86
5488076;261;319;-69;-376;334;366
5489091;434;450;-473;-568;459;469
5490078;444;409;-540;-370;368;346
5491079;282;229;-227;121;118;71
5492080;21;-12;308;651;-160;-208
5493078;-210;-214;784;937;-332;-350
5494080;-292;-279;939;818;-315;-291
5495078;-173;-157;682;343;-121;-70
5496075;86;109;134;-258;152;197
5497075;354;387;-439;-698;368;383
5498077;494;523;-769;-774;407;390
5499077;433;428;-701;-453;238;201
5500093;187;137;-269;114;-59;-99
5501079;-135;-204;321;657;-334;-363
5502078;-379;-419;781;899;-444;-450
5503080;-409;-388;873;709;-335;-311
5504078;-197;-130;546;181;-61;-12
5505080;139;207;-26;-405;248;299
5506079;410;434;-546;-737;450;473
5507080;472;443;-742;-644;446;426
5508078;310;256;-522;-190;234;183
5509080;28;-13;-4;385;-78;-131
5510078;-232;-244;551;803;-334;-360
5511080;-358;-349;876;873;-398;-385
5512088;-297;-281;818;576;-232;-189
5513075;-69;-48;414;64;85;135
5514075;219;250;-123;-405;397;432
5515077;423;457;-515;-593;553;559
5516077;437;446;-562;-401;474;448
5517079;256;221;-245;79;196;148
5518078;-22;-88;276;613;-138;-188
5519080;-258;-307;751;936;-359;-384
5520079;-332;-325;950;887;-359;-343
5521075;-206;-148;775;488;-153;-102
5522076;55;118;307;-61;142;197
5523091;315;340;-222;-483;378;404
5524076;440;420;-549;-568;442;426
5525076;381;343;-511;-286;310;266
5526079;187;161;-137;207;49;7
5527079;-43;-51;377;663;-201;-223
5528075;-213;-217;772;861;-313;-310
5529076;-254;-261;852;704;-228;-205
5530078;-144;-142;569;251;15;49
5531078;79;107;46;-302;301;338
5532075;316;364;-479;-705;497;521
5533076;444;477;-762;-759;510;506
5534078;392;376;-668;-432;326;288
5535091;186;124;-246;113;12;-42
5536076;-75;-137;294;599;-295;-340
5537077;-273;-290;686;778;-453;-461
5538079;-317;-283;735;557;-369;-337
5539078;-184;-134;406;41;-82;-25
5540079;57;86;-147;-511;249;300
5541078;276;277;-648;-817;434;449
5542079;355;344;-829;-714;368;336
5543078;264;253;-590;-253;87;26
5544080;66;51;-53;330;-266;-322
5545091;-137;-162;507;748;-529;-550
5546075;-262;-286;813;799;-581;-560
5547076;-236;-238;719;461;-397;-351
5548077;-40;-4;274;-101;-68;-21
5549077;255;314;-299;-607;235;265
5550078;497;543;-709;-790;357;360
5551078;548;542;-738;-541;246;219
5552080;382;325;-363;20;-25;-73
5553078;107;40;235;620;-312;-356
5554080;-116;-145;768;964;-466;-481
5555093;-172;-145;982;894;-414;-388
5556078;-29;26;779;453;-177;-123
5557078;239;282;258;-137;132;182
5558080;487;496;-318;-584;364;383
5559078;579;564;-660;-666;398;380
5560080;476;452;-598;-353;206;162
5561078;244;221;-183;173;-128;-176
5562080;0;-23;346;616;-443;-477
5563078;-154;-173;690;722;-577;-583
5564080;-151;-152;652;418;-460;-432
5565088;24;53;234;-157;-147;-92
5566079;314;366;-365;-725;210;267
5567079;584;631;-860;-1015;443;469
5568080;691;701;-1020;-901;441;420
5569078;571;531;-779;-453;203;146
5570080;279;213;-259;115;-155;-216
5571078;-37;-87;296;549;-456;-488
5572080;-213;-217;636;662;-546;-534
5573078;-159;-119;614;409;-388;-342
5574127;90;145;-16;-90;-77;-24
5575089;397;436;-286;-594;228;261
5576079;600;607;-713;-837;396;398
5577079;605;584;-813;-682;363;339
5578080;430;397;-529;-195;145;108
5579078;172;139;6;387;-158;-194
5580080;-52;-73;545;787;-394;-419
5581078;-146;-150;833;814;-433;-433
5582080;-67;-50;728;449;-243;-209
5583078;157;193;264;-138;82;140
5584080;435;476;-340;-666;381;432
5585078;634;661;-781;-866;505;513
5586092;654;647;-694;-636;385;341
5587080;477;436;-468;-96;74;4
5588079;185;130;111;466;-270;-323
5589075;-82;-118;597;744;-460;-465
5590076;-194;-192;723;571;-384;-343
5591078;-106;-69;406;22;-83;-22
5592078;120;167;-202;-627;275;323
5593075;355;384;-798;-1043;503;515
5594076;470;467;-1078;-1017;491;466
5595078;401;372;-906;-576;264;216
5596079;176;138;-54;52;-57;-102
5597089;-93;-125;252;567;-323;-348
5598079;-269;-283;677;736;-418;-414
5599079;-248;-238;704;494;-297;-267
5600075;-26;10;333;-32;-8;35
5601076;290;341;-244;-585;317;359
5602078;536;574;-733;-885;517;539
5603078;582;579;-886;-775;488;473
5604075;405;356;-632;-312;242;192
5605080;95;29;-110;257;-89;-150
5606079;-195;-235;583;637;-345;-380
5607093;-327;-319;668;638;-406;-392
5608079;-240;-195;543;264;-245;-194
5609078;14;63;86;-307;58;114
5610080;293;321;-496;-811;347;377
5611078;443;442;-922;-996;463;455
5612080;384;360;-956;-741;333;297
5613078;150;115;-556;-153;20;-28
5614080;-139;-175;79;467;-319;-360
5615078;-341;-364;620;800;-512;-529
5616075;-357;-352;800;688;-462;-443
5617091;-180;-144;552;213;-196;-145
5618077;103;156;16;-376;151;210
5619077;363;402;-545;-801;409;442
5620079;476;477;-889;-869;453;439
5621078;384;347;-807;-560;274;222
5622080;122;70;-123;-37;-28;-85
5623078;-188;-228;146;430;-306;-335
5624080;-393;-404;603;606;-431;-421
5625078;-380;-360;572;397;-353;-318
5626075;-151;-109;241;-97;-116;-79
5627091;179;227;-299;-647;162;187
5628078;453;486;-962;-1000;345;356
5629079;552;554;-1037;-998;346;340
5630080;452;421;-706;-637;170;144
5631078;210;162;-451;-80;-98;-140
5632080;-73;-111;350;415;-339;-377
5633078;-275;-287;521;615;-439;-448
5634080;-292;-277;479;431;-336;-306
5635078;-100;-65;293;-28;-60;-3
5636075;215;258;-202;-519;263;315
5637088;500;536;-638;-782;467;485
5638078;617;627;-703;-664;433;406
5639078;512;485;-529;-193;164;107
5640080;244;190;333;425;-210;-267
5641078;-52;-103;618;896;-502;-531
5642080;-231;-247;998;991;-559;-546
5643078;-204;-175;917;673;-354;-306
5644080;8;62;205;109;2;62
5645078;287;331;-84;-415;322;362
5646075;479;489;-533;-651;438;437
5647111;483;459;-545;-495;298;255
5648079;302;261;-130;-45;-17;-78
5649079;32;-3;130;456;-354;-400
5650080;-182;-200;715;740;-562;-570
5651079;-232;-226;749;645;-548;-521
5652075;-95;-67;518;196;-314;-269
5653076;150;189;-12;-406;38;82
5654078;379;411;-828;-884;339;368
5655078;488;495;-971;-1010;435;438
5656076;434;411;-780;-720;277;247
5657092;237;196;-536;-150;-51;-108
5658077;-25;-63;339;420;-390;-446
5659078;-235;-253;554;708;-574;-594
5660075;-285;-277;612;569;-506;-473
5661076;-149;-120;429;86;-211;-143
5662078;94;133;-387;-479;164;227
5663078;313;343;-625;-828;425;447
5664075;389;393;-810;-775;430;401
5665076;283;254;-662;-338;171;111
5666078;35;-12;183;280;-217;-276
5667090;-245;-286;482;782;-529;-558
5668079;-423;-436;924;918;-595;-583
5669079;-398;-377;854;612;-384;-336
5670079;-165;-119;111;15;-6;55
5671078;177;227;-206;-573;353;398
5672079;463;495;-824;-850;526;533
5673078;551;549;-831;-680;437;403
5674080;392;354;-254;-156;137;78
5675078;63;5;52;453;-218;-270
5676075;-270;-319;810;855;-439;-457
5677090;-438;-450;907;870;-412;-386
5678078;-356;-322;588;507;-158;-102
5679079;-73;-12;326;-55;192;247
5680080;257;309;-489;-544;476;503
5681078;464;477;-649;-707;563;551
5682080;442;411;-494;-440;409;369
5683078;199;145;-250;135;84;35
5684080;-147;-196;630;715;-248;-286
5685078;-428;-451;836;976;-412;-424
5686075;-505;-496;817;771;-326;-302
5687089;-350;-315;597;197;-40;13
5688078;-54;-8;-350;-462;302;358
5689079;229;267;-637;-900;546;573
5690080;363;372;-953;-919;584;566
5691078;284;257;-831;-513;394;343
5692080;30;-20;35;136;58;3
5693078;-280;-328;372;727;-261;-294
5694080;-499;-519;967;974;-410;-410
5695078;-521;-504;946;765;-332;-303
5696075;-342;-299;319;234;-90;-47
5697089;-62;-16;28;-321;183;219
5698078;172;196;-579;-614;357;370
5699079;247;240;-612;-511;348;333
5700080;137;104;-168;-79;153;115
5701078;-99;-139;100;472;-136;-180
5702080;-352;-381;834;879;-360;-388
5703078;-508;-516;946;937;-377;-371
5704080;-488;-473;673;601;-167;-122
5705078;-290;-258;413;27;163;225
5706075;-7;32;-443;-509;450;492
5707093;215;246;-739;-755;562;558
5708077;265;266;-643;-602;450;404
5709078;127;92;-458;-126;164;107
5710079;-109;-161;360;445;-170;-207
5711078;-315;-348;609;838;-392;-398
5712080;-386;-378;870;854;-388;-369
5713078;-290;-248;755;475;-156;-120
5714080;-68;-23;-12;-108;187;231
5715078;177;200;-294;-593;468;505
5716075;323;320;-718;-719;539;547
5717093;281;262;-492;-422;361;324
5718078;61;33;38;140;22;-44
5719079;-233;-267;335;682;-298;-356
5720075;-456;-486;919;933;-433;-439
5721076;-494;-501;928;778;-307;-256
5722078;-321;-289;400;310;7;82
5723078;-12;48;122;-226;340;388
5724075;281;335;-542;-571;513;507
5725076;410;417;-613;-559;443;397
5726078;311;265;-265;-197;176;123
5727092;50;-15;275;354;-160;-192
5728077;-230;-270;776;834;-415;-423
5729079;-403;-397;929;996;-480;-473
5730075;-398;-362;789;741;-332;-313
5731076;-214;-179;559;183;-46;-12
5732078;73;93;-311;-403;235;278
5733078;326;339;-542;-733;375;401
5734075;415;426;-689;-652;298;281
5735076;307;301;-536;-211;32;-27
5736077;76;41;264;360;-299;-366
5737102;-154;-205;715;761;-530;-559
5738075;-276;-303;803;776;-539;-509
5739076;-215;-191;685;394;-313;-247
5740077;27;92;-93;-186;36;94
5741077;349;411;-376;-666;328;348
5742079;573;591;-795;-791;411;391
5743078;561;527;-726;-491;251;210
5744080;325;264;-8;86;-55;-96
5745078;18;-30;297;653;-344;-372
5746075;-184;-193;905;928;-486;-493
5747090;-193;-163;838;793;-430;-412
5748078;-26;15;424;335;-203;-166
5749079;222;252;149;-212;100;144
5750080;442;452;-556;-594;353;384
5751078;536;533;-655;-637;433;434
5752080;457;446;-393;-327;298;264
5753078;233;209;-159;179;17;-35
5754080;-36;-73;574;628;-253;-296
5755078;-225;-258;720;785;-365;-369
5756075;-239;-242;614;568;-259;-221
5757089;-69;-29;164;84;2;60
5758078;206;268;-362;-440;284;325
5759079;450;492;-579;-763;454;456
5760080;541;533;-755;-730;434;404
5761078;438;389;-627;-346;229;189
5762080;203;151;124;211;-76;-108
5763078;-41;-63;391;665;-342;-362
5764080;-178;-166;779;778;-435;-440
5765078;-149;-123;714;493;-305;-287
5766075;29;50;46;-46;-12;31
5767093;273;290;-497;-573;300;354
5768077;461;478;-812;-832;484;513
5769078;491;502;-829;-699;454;433
5770079;345;330;-323;-237;229;168
5771078;95;48;-40;328;-75;-136
5772080;-140;-191;677;719;-304;-325
5773078;-255;-271;770;744;-337;-308
5774080;-193;-158;468;398;-155;-102
5775078;27;88;222;-135;147;190
5776075;306;351;-531;-590;419;435
5777085;499;503;-682;-751;522;514
5778092;506;475;-602;-549;405;382
5779077;336;297;-173;-92;125;90
5780078;98;72;321;389;-186;-226
5781079;-83;-90;623;645;-388;-416
5782079;-132;-126;568;533;-391;-387
5783079;-33;-18;403;92;-193;-150
5784075;173;196;-381;-465;113;173
5785076;398;428;-632;-874;369;409
5786078;527;549;-946;-936;429;420
5787079;481;474;-858;-612;249;195
5788223;145;92;-136;-45;-82;-148
5789079;19;-35;427;501;-395;-434
5790079;-154;-182;734;754;-526;-517
5791075;-148;-126;626;580;-407;-363
5792076;51;109;158;67;-98;-45
5793078;360;416;-427;-519;248;286
5794078;629;651;-835;-877;463;473
5795075;719;702;-860;-828;445;427
5796076;588;549;-491;-403;212;172
5797078;312;273;79;176;-122;-170
5798125;36;-77;559;612;-394;-430
5799078;-116;-123;696;680;-462;-463
5800079;-87;-74;420;345;-283;-242
5801079;109;140;-128;-222;52;117
5802078;387;427;-678;-744;374;425
5803079;604;635;-960;-970;520;525
5804078;634;634;-835;-786;414;369
5805080;446;405;-354;-269;102;36
5806079;133;70;254;339;-267;-317
5807080;-141;-188;698;744;-519;-530
5808096;-246;-243;762;744;-532;-507
5809077;-135;-86;415;337;-314;-270
5810078;133;193;-172;-272;13;56
5811079;435;468;-711;-783;277;303
5812078;626;623;-944;-947;347;345
5813080;617;592;-768;-702;191;158
5814078;418;388;-284;-188;-107;-159
5815080;125;97;259;333;-404;-448
5816079;-125;-149;592;608;-558;-569
5817080;-219;-231;537;493;-498;-468
5818123;-107;48;100;19;-248;-194
5819076;168;216;-519;-603;79;127
5820076;488;547;-1012;-1065;327;347
5821077;697;729;-1119;-1114;370;354
5822078;685;664;-786;-715;190;150
5823079;454;391;-189;-82;-105;-151
5824078;138;75;367;452;-357;-387
5825080;-78;-99;613;622;-436;-434
5826079;-79;-45;440;366;-308;-273
5827080;116;177;-53;-162;-36;12
5828090;390;433;-613;-692;250;289
5829089;607;611;-950;-958;415;424
5830075;678;655;-879;-822;370;345
5831075;568;542;-689;-338;125;79
5832077;316;298;191;268;-207;-254
5833077;40;20;463;705;-464;-491
5834078;-116;-140;776;768;-517;-511
5835078;-77;-83;496;438;-348;-308
5836075;124;157;-25;-112;-46;6
5837075;375;435;-301;-616;237;275
5838076;552;593;-815;-835;362;364
5839076;563;549;-813;-668;265;230
5840092;388;325;-284;-194;-7;-60
5841077;106;42;261;346;-308;-350
5842078;-118;-139;629;663;-468;-477
5843079;-150;-118;611;575;-392;-362
5844078;23;78;203;115;-115;-61
5845080;289;328;-390;-485;218;269
5846079;504;509;-877;-931;444;464
5847080;590;572;-1026;-1012;458;438
5848079;537;519;-778;-707;265;218
5849075;366;356;-265;-176;-35;-83
5850090;130;117;254;316;-301;-326
5851079;-68;-95;530;539;-405;-400
5852079;-119;-142;436;391;-292;-262
5853075;25;37;23;-51;-5;37
5854076;291;348;-499;-572;323;364
5855078;533;598;-866;-902;527;549
5856079;629;645;-877;-857;499;486
5857075;536;484;-507;-433;252;204
5858076;296;218;75;171;-88;-150
5859078;22;-20;595;665;-367;-405
5860089;-148;-131;804;808;-462;-454
5861080;-130;-83;607;542;-337;-290
5862075;59;94;111;12;-54;0
5863076;317;324;-427;-503;245;277
5864078;518;516;-729;-743;408;407
5865079;575;581;-639;-586;348;321
5866075;460;464;-202;-114;99;60
5867075;208;184;356;433;-207;-245
5868076;-77;-132;749;781;-418;-440
5869075;-263;-312;772;745;-426;-419
5870077;-252;-248;405;331;-224;-185
5871090;-46;18;-177;-267;91;147
5872078;246;325;-695;-759;366;407
5873078;465;496;-901;-906;463;463
5874080;483;443;-707;-648;335;292
5875078;277;202;-219;-125;42;-18
5876075;-42;-94;316;394;-271;-314
5877075;-290;-293;639;660;-445;-448
5878076;-327;-293;601;556;-389;-356
5879076;-145;-106;233;151;-130;-82
5880078;135;161;-267;-341;199;240
5881117;361;373;-635;-665;433;451
5882076;436;437;-669;-644;460;450
5883076;341;329;-344;-276;274;237
5884078;117;88;179;259;-37;-85
5885078;-146;-187;639;695;-328;-367
5886075;-331;-362;813;816;-461;-468
5887075;-336;-332;628;574;-365;-335
5888077;-154;-109;189;104;-83;-28
5889077;107;166;-290;-359;248;299
5890078;307;338;-583;-600;465;485
5891078;358;340;-551;-512;467;446
5892089;257;208;-217;-146;273;224
5893075;52;12;246;312;-1;-47
5894075;-170;-179;612;643;-216;-233
5895077;-300;-288;708;695;-273;-257
5896078;-256;-242;497;447;-151;-117
5897079;-48;-35;82;18;87;121
5898078;210;235;-346;-398;326;347
5899080;389;421;-585;-603;435;439
5900078;405;418;-499;-470;340;324
5901080;249;220;-98;-28;80;41
5902078;-23;-85;439;523;-218;-266
5903094;-297;-351;844;899;-413;-443
5904077;-439;-445;898;886;-422;-411
5905078;-368;-324;559;478;-248;-199
5906080;-116;-54;-1;-109;28;82
5907078;184;223;-496;-566;281;308
5908080;380;379;-671;-660;384;373
5909078;379;350;-436;-354;277;239
5910080;182;147;81;182;4;-37
5911078;-125;-154;614;676;-294;-324
5912080;-405;-428;891;889;-453;-463
5913078;-518;-532;784;729;-380;-363
5914090;-406;-393;365;291;-114;-69
5915076;-128;-81;-141;-201;203;256
5916077;159;218;-479;-504;410;441
5917079;298;325;-484;-464;413;397
5918079;223;190;-154;-93;220;165
5919075;-17;-89;348;427;-75;-133
5920076;-295;-353;774;833;-341;-367
5921078;-464;-466;910;913;-451;-436
5922078;-426;-377;689;628;-343;-305
5923075;-192;-134;222;128;-69;-30
5924076;106;136;-258;-329;233;260
5925089;303;299;-514;-522;412;424
5926079;304;282;-423;-368;389;381
5927079;126;102;-32;49;188;156
5928075;-131;-155;477;541;-87;-133
5929076;-366;-389;861;885;-308;-343
5930078;-498;-515;935;917;-370;-369
5931078;-473;-469;662;611;-244;-205
5932080;-283;-251;183;116;0;52
5933078;-7;42;-257;-315;227;260
5934079;210;249;-451;-469;311;303
5935092;254;251;-326;-286;204;163
5936078;108;61;41;121;-38;-84
5937078;-140;-199;476;548;-288;-314
5938080;-362;-391;769;791;-413;-411
5939078;-450;-433;764;727;-344;-319
5940080;-356;-313;440;368;-115;-79
5941078;-112;-74;-56;-127;151;185
5942080;166;185;-478;-518;323;340
5943078;341;344;-608;-603;324;315
5944080;340;334;-386;-336;172;138
5945093;195;178;73;148;-50;-91
5946078;0;-27;542;609;-238;-262
5947079;-156;-182;790;812;-300;-294
5948080;-210;-216;693;653;-191;-159
5949078;-128;-106;300;217;52;92
5950080;65;105;-183;-263;316;347
5951078;264;298;-509;-539;465;475
5952080;338;342;-510;-474;431;414
5953078;233;200;-185;-106;235;199
5954080;5;-44;309;386;-30;-70
5955093;-229;-264;736;774;-252;-277
5956078;-362;-363;884;873;-331;-328
5957078;-340;-312;676;624;-223;-194
5958080;-176;-140;217;147;27;69
5959078;48;71;-250;-311;293;330
5960080;218;225;-485;-506;430;442
5961078;250;244;-375;-339;362;338
5962080;142;125;15;95;120;71
5963078;-40;-65;485;566;-170;-218
5964080;-205;-230;797;829;-358;-377
5965213;-252;-248;787;751;-343;-321
5966075;-193;-176;445;363;-133;-83
5967075;16;56;-69;-151;155;204
5968077;264;307;-495;-536;366;385
5969077;417;436;-610;-593;389;369
5970078;388;368;-361;-299;222;178
5971078;198;150;102;179;-42;-83
5972080;-37;-82;524;577;-272;-292
5973078;-202;-214;684;685;-356;-349
5974080;-232;-209;509;456;-249;-222
5975095;-124;-88;90;10;-1;34
5976092;84;108;-374;-438;257;289
5977079;302;312;-663;-680;386;400
5978078;421;424;-637;-603;320;303
5979075;375;372;-312;-246;102;57
5980076;198;180;147;214;-153;-200
5981078;0;-33;517;553;-320;-339
5982078;-110;-138;618;609;-318;-296
5983075;-83;-77;405;354;-147;-100
5984076;69;112;-21;-92;109;151
5985075;279;329;-457;-514;330;346
5986094;437;458;-682;-698;409;397
5987092;452;428;-581;-544;305;278
5988080;304;256;-206;-131;59;29
5989079;68;30;250;322;-221;-250
5990075;-131;-140;561;591;-413;-434
5991076;-191;-176;583;554;-434;-435
5992078;-77;-52;312;244;-288;-261
5993078;168;194;-120;-189;-59;-14
5994075;434;460;-504;-541;131;165
5995076;584;604;-647;-638;187;185
5996078;539;535;-479;-434;84;45
5997079;328;290;-100;-39;-126;-174
5998093;66;11;279;328;-341;-366
5999077;-117;-151;457;470;-448;-440
6000077;-138;-122;344;309;-382;-353
6001078;19;74;-11;-80;-169;-136
6002078;286;341;-450;-519;77;101
6003080;522;541;-763;-794;219;229
6004078;590;570;-791;-768;186;176
6005080;459;419;-520;-456;4;-26
6006079;216;181;-98;-28;-227;-267
6007080;-4;-20;249;288;-402;-429
6008078;-111;-107;345;333;-442;-436
6009089;-79;-65;150;95;-316;-280
6010075;57;76;-229;-296;-67;-22
6011075;237;256;-599;-642;191;222
6012077;376;392;-770;-771;329;332
6013077;403;406;-652;-612;276;252
6014078;294;276;-297;-235;62;24
6015078;98;62;131;188;-205;-241
6016075;-87;-121;438;466;-403;-422
6017075;-164;-172;484;471;-436;-428
6018077;-91;-63;250;200;-276;-243
6019089;99;145;-154;-219;7;51
6020078;321;355;-536;-586;269;306
6021079;482;487;-711;-720;372;379
6022080;516;497;-598;-558;274;243
6023078;410;386;-255;-187;53;1
6024080;215;197;138;198;-146;-183
6025078;31;19;372;390;-212;-206
6026075;-41;-48;307;273;-109;-66
6027075;42;50;-38;-109;116;165
6028076;255;286;-498;-568;363;388
6029089;505;549;-843;-877;514;509
6030078;675;706;-902;-883;487;465
6031079;674;665;-641;-579;275;249
6032080;485;436;-171;-96;-27;-57
6033078;189;129;297;352;-277;-307
6034080;-65;-98;548;561;-351;-365
6035078;-152;-139;465;430;-223;-201
6036075;-38;6;99;32;29;83
6037075;205;250;-345;-414;274;326
6038076;437;457;-620;-651;395;405
6039089;528;518;-560;-531;335;295
6040078;424;395;-184;-103;114;55
6041079;184;149;314;403;-164;-202
6042080;-56;-84;666;708;-354;-353
6043078;-156;-165;675;642;-344;-316
6044080;-51;-31;327;238;-142;-107
6045079;206;253;-205;-296;129;157
6046075;488;538;-664;-709;321;336
6047076;660;680;-838;-820;347;344
6048078;640;616;-662;-602;218;194
6049090;439;386;-245;-178;6;-29
6050079;150;102;182;227;-194;-224
6051079;-73;-91;387;394;-295;-300
6052075;-109;-90;253;218;-242;-219
6053076;52;92;-156;-223;-53;-14
6054078;292;330;-639;-713;180;214
6055078;469;484;-961;-1002;338;351
6056076;514;502;-959;-938;336;321
6057076;443;415;-623;-546;166;131
6058079;298;275;-102;-10;-91;-130
6059096;127;118;358;414;-305;-331
6060091;-4;-7;537;528;-364;-362
6061076;-30;-32;365;301;-247;-216
6062076;68;73;-33;-110;-32;9
6063078;232;254;-420;-466;165;194
6064078;367;398;-588;-581;263;261
6065079;398;411;-466;-417;231;205
6066078;300;277;-133;-73;92;62
6067080;110;61;244;286;-92;-109
6068078;-79;-119;495;505;-237;-240
6069080;-161;-161;504;486;-265;-261
6070078;-81;-41;271;232;-150;-138
6071088;124;173;-93;-142;63;88
6072075;350;376;-421;-463;276;309
6073075;488;482;-569;-583;375;396
6074076;473;449;-477;-450;303;289
6075077;308;284;-193;-136;92;43
6076079;68;49;143;199;-150;-203
6077078;-129;-146;358;379;-299;-317
6078080;-186;-196;323;295;-271;-240
6079078;-78;-66;37;-26;-73;-16
6080080;136;174;-366;-431;190;232
6081091;359;404;-682;-714;375;380
6082078;497;517;-742;-726;380;353
6083079;491;469;-500;-444;199;162
6084080;334;287;-57;12;-73;-103
6085078;92;52;384;437;-303;-320
6086075;-110;-123;616;630;-380;-382
6087075;-160;-144;533;499;-272;-255
6088076;-28;2;186;120;-34;1
6089076;202;233;-240;-306;216;257
6090078;390;410;-528;-558;366;388
6091091;432;431;-530;-505;347;332
6092078;315;289;-235;-167;173;127
6093079;101;62;217;291;-61;-107
6094080;-104;-135;589;631;-223;-239
6095078;-199;-204;668;654;-222;-198
6096075;-130;-103;397;332;-64;-19
6097075;71;113;-79;-163;154;189
6098077;297;330;-499;-557;313;319
6099077;430;437;-643;-639;334;315
6100078;410;388;-449;-386;209;181
6101093;250;215;-29;55;-8;-33
6102092;26;-2;404;460;-227;-244
6103079;-155;-168;640;641;-348;-357
6104078;-206;-201;568;522;-315;-311
6105080;-106;-85;229;166;-148;-124
6106079;82;111;-196;-246;66;104
6107080;257;281;-486;-507;221;250
6108078;342;348;-503;-487;239;234
6109080;311;295;-252;-205;105;66
6110079;184;155;139;200;-119;-168
6111075;29;5;495;542;-319;-345
6112076;-62;-68;652;659;-384;-372
6113091;-23;-7;522;484;-273;-235
6114079;129;160;160;92;-42;-2
6115079;307;335;-251;-314;195;217
6116075;407;416;-500;-523;324;324
6117076;391;375;-466;-435;281;264
6118078;280;250;-181;-114;82;54
6119079;120;96;206;270;-180;-213
6120075;-30;-38;511;537;-382;-408
6121076;-108;-104;583;562;-437;-441
6122078;-66;-57;377;327;-331;-306
6123078;83;97;-5;-60;-117;-73
6124088;267;289;-370;-409;117;154
6125079;399;421;-528;-536;267;276
6126080;427;432;-407;-377;253;232
6127075;339;317;-73;-13;75;38
6128076;170;132;319;380;-168;-203
6129076;0;-29;593;622;-339;-354
6130076;-76;-77;616;597;-344;-333
6131077;-16;11;366;308;-192;-158
6132077;135;171;-37;-104;31;70
6133079;277;297;-382;-423;213;235
6134090;326;318;-482;-475;262;255
6135078;259;230;-282;-230;146;115
6136079;98;70;115;186;-91;-130
6137080;-101;-116;514;567;-336;-366
6138078;-260;-265;710;717;-452;-458
6139080;-298;-298;591;549;-363;-341
6140078;-186;-177;202;131;-114;-69
6141080;26;53;-272;-339;163;208
6142078;234;272;-601;-632;336;355
6143080;328;350;-626;-605;339;319
6144092;258;129;-336;-272;190;147
6145077;54;1;130;205;-30;-68
6146078;-183;-234;550;601;-210;-221
6147080;-336;-348;720;720;-250;-234
6148078;-321;-288;558;509;-122;-92
6149080;-144;-93;157;82;108;137
6150078;104;138;-265;-325;321;342
6151080;293;296;-483;-495;410;416
6152078;316;297;-378;-335;330;314
6153080;159;132;-5;70;112;76
6154092;-91;-235;446;514;-141;-182
6155077;-303;-325;751;776;-304;-326
6156078;-365;-373;747;717;-290;-276
6157080;-243;-224;416;348;-101;-56
6158078;12;58;-94;-170;172;223
6159080;283;332;-537;-587;396;421
6160078;435;455;-684;-684;448;434
6161080;391;364;-459;-405;294;251
6162078;174;117;17;103;8;-38
6163080;-104;-153;501;574;-254;-283
6164078;-311;-348;749;766;-355;-353
6165091;-356;-331;647;597;-256;-225
6166075;-230;-193;260;173;-30;11
6167076;-12;13;-211;-283;196;226
6168077;172;180;-539;-558;316;320
6169077;230;224;-567;-532;281;258
6170079;148;134;-290;-227;106;72
6171078;-16;-37;148;207;-134;-163
6172080;-188;-210;529;562;-330;-346
6173078;-301;-315;664;663;-381;-379
6174080;-300;-297;483;447;-257;-235
6175078;-159;-133;63;0;-15;21
6176089;79;237;-401;-469;229;266
6177075;291;324;-685;-721;364;380
6178076;354;359;-641;-617;323;305
6179078;238;205;-291;-212;119;74
6180079;10;-40;183;273;-145;-191
6181075;-214;-250;545;589;-323;-342
6182076;-336;-334;619;591;-313;-292
6183078;-298;-265;373;296;-124;-76
6184078;-112;-74;-64;-140;133;178
6185075;129;153;-462;-496;324;340
6186076;289;294;-601;-585;363;345
6187092;273;262;-407;-357;233;197
6188078;95;70;10;73;-18;-52
6189079;-146;-181;437;487;-289;-311
6190075;-341;-369;670;688;-449;-459
6191076;-406;-410;611;585;-415;-409
6192078;-312;-285;289;228;-206;-177
6193078;-102;-59;-146;-214;65;111
6194133;106;187;-480;-521;261;297
6195075;185;186;-531;-519;289;286
6196076;83;49;-261;-197;133;87
6197091;-130;-178;194;277;-138;-198
6198077;-328;-358;595;650;-396;-431
6199077;-416;-409;735;729;-496;-485
6200079;-365;-331;545;482;-367;-322
6201078;-201;-168;116;34;-73;-22
6202080;8;24;-347;-404;217;249
6203078;180;182;-622;-630;347;347
6204080;241;240;-575;-538;258;228
6205078;166;163;-239;-178;10;-33
6206075;-3;-19;202;261;-263;-300
6207075;-184;-215;517;549;-434;-447
6208091;-282;-290;544;531;-422;-405
6209075;-233;-227;266;209;-226;-188
6210075;-47;-3;-183;-260;72;115
6211077;174;228;-590;-646;344;374
6212077;297;318;-749;-752;464;469
6213078;248;215;-574;-519;376;351
6214078;55;-6;-143;-59;125;81
6215080;-179;-222;339;407;-155;-198
6216079;-341;-338;647;665;-318;-335
6217080;-356;-320;639;604;-280;-258
6218078;-211;-177;329;264;-71;-21
6219089;25;39;-120;-183;197;244
6220078;236;240;-471;-505;389;405
6221079;315;321;-533;-521;399;377
6222080;235;235;-268;-213;201;156
6223078;47;26;185;261;-125;-171
6224080;-159;-200;593;651;-418;-447
6225078;-300;-333;750;755;-516;-517
6226075;-312;-308;570;515;-365;-333
6227075;-174;-131;128;41;-54;0
6228076;60;113;-371;-443;243;292
6229089;265;292;-690;-710;379;391
6230078;311;294;-677;-640;301;265
6231079;163;117;-347;-276;54;-5
6232080;-94;-139;128;196;-241;-287
6233078;-328;-348;512;548;-443;-449
6234080;-430;-420;611;600;-440;-412
6235078;-359;-333;367;314;-221;-178
6236075;-141;-112;-108;-183;107;146
6237075;140;166;-593;-658;377;401
6238076;367;390;-855;-877;458;460
6239088;432;441;-762;-725;330;304
6240078;301;282;-353;-271;69;23
6241079;38;-9;171;257;-198;-240
6242075;-217;-268;545;587;-352;-367
6243076;-328;-344;573;546;-324;-301
6244078;-232;-195;248;166;-125;-78
6245078;21;87;-240;-328;147;190
6246075;295;344;-617;-659;357;373
6247076;445;444;-676;-648;397;383
6248078;395;350;-384;-306;255;221
6249093;173;-9;116;198;12;-24
6250093;-106;-237;589;636;-209;-232
6251080;-309;-309;811;807;-307;-308
6252079;-338;-324;664;618;-236;-216
6253075;-176;-157;208;139;-19;15
6254076;100;127;-337;-407;257;293
6255078;352;386;-711;-753;468;492
6256079;462;484;-737;-725;504;502
6257075;394;380;-414;-345;339;306
6258076;203;154;92;186;55;3
6259078;-5;-55;527;590;-201;-242
6260077;-124;-116;661;653;-292;-294
6261091;-95;21;410;333;-164;-123
6262080;65;117;-106;-206;113;174
6263078;261;290;-624;-690;386;427
6264080;381;372;-871;-870;495;491
6265078;360;329;-721;-659;372;327
6266075;210;184;-255;-169;80;22
6267075;2;-8;285;353;-233;-271
6268076;-164;-169;633;656;-415;-418
6269076;-203;-207;635;605;-385;-358
6270078;-78;-72;317;251;-170;-130
6271092;165;341;-149;-219;111;146
6272077;418;467;-545;-587;313;331
6273078;563;595;-686;-683;342;335
6274079;533;415;-501;-453;203;173
6275078;345;288;-68;3;-19;-58
6276075;88;29;399;463;-212;-239
6277075;-112;-130;652;675;-282;-281
6278076;-155;-126;545;508;-187;-158
6279076;-20;27;119;35;44;86
6280078;223;254;-420;-509;314;349
6281093;456;534;-815;-860;489;502
6282077;581;575;-877;-851;468;453
6283078;555;549;-569;-489;245;206
6284079;395;268;-36;52;-79;-129
6285078;168;143;458;512;-349;-386
6286075;-20;-55;666;662;-438;-439
6287075;-63;-81;483;428;-315;-278
6288076;83;109;11;-68;-59;-4
6289076;351;415;-489;-556;201;239
6290078;592;689;-749;-769;350;351
6291092;668;593;-634;-592;326;296
6292077;530;471;-207;-120;139;101
6293078;245;171;321;406;-123;-150
6294079;-36;-131;700;736;-329;-341
6295078;-157;-135;748;718;-373;-371
6296075;-41;11;436;359;-235;-215
6297075;251;298;-92;-174;16;52
6298077;565;586;-583;-634;265;304
6299077;747;746;-804;-805;402;420
6300078;727;631;-659;-614;360;341
6301092;533;371;-242;-171;147;98
6302077;261;101;229;294;-139;-190
6303077;43;10;521;548;-345;-367
6304079;-6;53;489;461;-349;-329
6305078;139;169;147;75;-145;-94
6306075;403;463;-332;-412;153;204
6307075;644;693;-707;-750;384;407
6308077;740;690;-782;-764;429;413
6309078;651;602;-513;-444;273;231
6310080;425;250;-31;51;-4;-48
6311093;178;80;429;484;-272;-298
6312078;31;45;659;661;-406;-406
6313079;50;80;566;521;-347;-326
6314075;209;232;208;142;-131;-97
6315076;423;433;-245;-301;131;165
6316078;592;644;-586;-613;309;330
6317079;646;654;-655;-645;317;310
6318075;565;563;-411;-366;151;116
6319076;382;357;37;104;-105;-153
6320078;176;56;477;539;-327;-359
6321174;33;22;692;715;-399;-395
6322077;63;164;577;539;-282;-245
6323077;232;281;187;103;-35;12
6324079;479;635;-290;-371;218;250
6325079;684;706;-625;-657;356;356
6326079;751;687;-656;-622;307;281
6327078;650;610;-361;-286;90;53
6328079;427;278;116;189;-193;-228
6329078;185;171;534;572;-406;-426
6330080;38;30;663;653;-434;-430
6331078;67;72;421;369;-256;-224
6332089;273;445;-76;-152;40;90
6333079;560;600;-578;-648;311;353
6334079;780;854;-825;-850;433;441
6335080;809;819;-683;-640;355;322
6336079;616;392;-213;-117;116;62
6337080;281;204;355;452;-172;-214
6338078;-36;-168;734;774;-371;-380
6339080;-179;-177;718;676;-373;-350
6340078;-66;144;307;207;-177;-138
6341080;247;318;-284;-383;102;140
6342078;593;735;-744;-787;306;326
6343090;792;778;-837;-807;317;309
6344075;751;607;-532;-451;123;86
6345075;507;467;0;85;-186;-238
6346077;190;28;492;541;-464;-503
6347077;-51;-68;724;721;-568;-572
6348079;-115;-64;604;559;-438;-400
6349078;15;35;208;144;-128;-68
6350080;263;433;-261;-319;213;262
6351078;488;530;-564;-593;421;434
6352080;565;520;-540;-522;401;373
6353093;453;290;-196;-131;173;123
6354077;213;26;290;375;-142;-187
6355078;-29;-73;677;732;-388;-408
6356080;-155;-129;774;763;-451;-440
6357078;-111;-69;528;455;-309;-276
6358080;69;214;45;-46;-34;6
6359078;283;302;-450;-510;246;279
6360080;417;417;-713;-715;402;414
6361078;414;395;-604;-555;358;341
6362080;289;189;-178;-104;131;90
6363088;106;5;343;410;-170;-218
6364078;-57;-125;699;732;-399;-428
6365079;-129;-144;729;711;-439;-431
6366080;-68;24;441;378;-275;-231
6367078;108;138;-11;-88;1;55
6368080;320;447;-412;-462;247;279
6369078;459;488;-566;-563;345;337
6370080;454;357;-385;-331;245;208
6371078;301;251;64;142;-7;-51
6372080;70;-75;574;640;-290;-320
6373169;-186;-182;886;911;-453;-460
6374078;-202;-146;831;800;-399;-381
6375079;-113;-79;429;352;-148;-109
6376076;86;213;-116;-204;166;214
6377076;294;304;-527;-579;387;419
6378079;411;419;-601;-584;412;404
6379079;389;318;-305;-226;234;188
6380075;235;100;216;312;-50;-108
6381076;6;-25;707;767;-290;-322
6382078;-198;-286;914;908;-342;-328
6383078;-272;-286;714;650;-164;-113
6384089;-155;8;194;105;157;214
6385079;100;158;-384;-458;452;485
6386080;340;430;-731;-757;569;562
6387075;400;402;-682;-647;447;409
6388076;221;-8;-275;-193;141;91
6389077;-107;-185;278;366;-211;-252
6390079;-406;-508;700;748;-451;-470
6391079;-525;-455;776;757;-475;-465
6392078;-417;-235;469;391;-290;-253
6393079;-151;35;-65;-159;-2;45
6394078;132;236;-558;-618;243;276
6395089;294;286;-760;-756;338;338
6396077;270;177;-565;-502;248;215
6397079;94;-34;-68;19;21;-24
6398079;-131;-248;482;553;-229;-261
6399080;-302;-359;817;840;-376;-380
6400078;-339;-296;777;741;-342;-320
6401080;-211;-62;389;312;-140;-103
6402078;40;229;-148;-229;128;163
6403080;289;404;-560;-607;322;342
6404078;385;337;-629;-614;337;330
6405089;257;61;-311;-238;158;123
6406079;-32;-263;221;316;-123;-172
6407079;-333;-470;685;748;-364;-400
6408080;-501;-480;838;831;-442;-442
6409078;-466;-317;603;530;-314;-275
6410080;-248;-59;93;-4;-35;20
6411078;45;182;-450;-518;261;301
6412080;262;290;-769;-778;421;425
6413078;285;200;-718;-673;357;326
6414080;109;-41;-339;-267;100;51
6415088;-154;-303;162;228;-217;-259
6416079;-364;-448;540;573;-437;-455
6417079;-438;-416;630;619;-463;-449
6418080;-358;-234;412;362;-294;-256
6419078;-159;12;-9;-76;-14;29
6420080;76;205;-446;-502;252;283
6421078;235;250;-695;-713;392;397
6422080;233;131;-618;-588;346;326
6423078;76;-76;-234;-164;142;106
6424080;-147;-270;272;352;-117;-154
6425093;-330;-375;652;699;-299;-318
6426078;-395;-356;723;708;-303;-293
6427078;-316;-208;454;384;-115;-77
6428080;-115;24;-31;-118;177;227
6429078;120;236;-499;-557;430;465
6430080;272;303;-707;-706;508;506
6431078;254;167;-534;-478;357;316
6432080;68;-109;-72;10;41;-17
6433078;-201;-386;429;498;-287;-332
6434080;-433;-523;705;725;-465;-473
6435078;-513;-513;615;574;-413;-381
6436090;-381;-179;206;122;-173;-121
6437079;-71;165;-326;-408;123;166
6438079;269;415;-724;-763;334;347
6439075;455;429;-794;-771;364;346
6440076;375;198;-498;-427;199;163
6441078;84;-138;14;97;-79;-116
6442078;-241;-393;487;543;-328;-354
6443075;-436;-451;686;688;-415;-419
6444076;-424;-310;514;462;-294;-269
6445078;-230;-46;58;-23;-28;18
6446079;52;220;-458;-530;252;298
6447090;296;371;-775;-802;409;426
6448079;380;329;-727;-692;359;333
6449079;265;116;-326;-245;120;65
6450075;19;-147;219;307;-183;-234
6451076;-218;-315;620;667;-385;-402
6452078;-324;-301;656;632;-373;-347
6453078;-249;-115;297;211;-158;-106
6454075;-29;153;-276;-378;140;187
6455076;236;278;-773;-834;370;388
6456078;422;450;-947;-935;420;404
6457089;431;332;-725;-652;268;231
6458078;256;81;-240;-149;-16;-56
6459078;-12;-170;259;317;-299;-328
6460079;-230;-287;526;529;-443;-452
6461078;-275;-199;437;391;-384;-367
6462080;-123;48;43;-25;-162;-123
6463078;149;332;-450;-512;111;155
6464080;408;514;-791;-822;305;330
6465078;532;510;-805;-790;320;308
6466075;467;334;-476;-414;136;92
6467089;252;79;50;136;-158;-211
6468078;0;-123;537;604;-413;-444
6469079;-159;-168;759;769;-499;-493
6470080;-139;-31;610;557;-381;-342
6471078;47;216;168;78;-118;-70
6472080;303;446;-352;-429;168;201
6473078;500;552;-700;-724;350;356
6474080;549;487;-715;-679;343;326
6475078;427;279;-405;-335;158;126
6476075;185;16;52;119;-101;-136
6477075;-66;-177;409;441;-293;-317
6478092;-205;-203;473;457;-317;-314
6479077;-161;-45;209;152;-165;-132
6480078;41;215;-255;-329;80;129
6481079;302;450;-702;-759;301;334
6482078;500;553;-918;-930;391;389
6483080;543;469;-795;-754;313;278
6484078;399;230;-389;-312;106;63
6485080;131;-48;98;172;-124;-151
6486079;-120;-212;419;450;-263;-264
6487080;-216;-171;418;389;-240;-221
6488078;-112;40;114;40;-68;-40
6489090;126;300;-328;-403;167;194
6490078;369;476;-685;-720;354;373
6491079;501;489;-776;-756;406;409
6492080;459;339;-542;-482;303;283
6493078;265;102;-78;-8;90;52
6494080;19;-103;401;454;-143;-180
6495078;-150;-176;669;687;-296;-311
6496075;-165;-95;604;577;-296;-280
6497075;-38;85;252;188;-139;-102
6498077;157;277;-203;-276;100;138
6499091;332;396;-533;-575;301;321
6500078;406;380;-576;-559;349;343
6501079;333;224;-307;-238;208;177
6502080;144;3;143;225;-58;-101
6503079;-59;-153;545;594;-306;-340
6504075;-161;-152;682;672;-387;-392
6505076;-108;-1;473;412;-238;-204
6506078;63;211;17;-62;76;136
6507079;271;390;-467;-526;398;451
6508075;432;470;-752;-766;563;575
6509089;478;420;-708;-675;491;454
6510079;376;250;-359;-295;226;163
6511079;166;34;125;193;-91;-140
6512075;-36;-109;504;547;-299;-307
6513076;-121;-100;594;589;-297;-267
6514078;-50;50;361;305;-100;-56
6515078;123;256;-75;-154;176;210
6516075;317;424;-497;-557;382;394
6517076;455;490;-693;-699;410;399
6518078;481;419;-550;-498;246;217
6519092;363;223;-126;-44;-35;-74
6520078;135;-23;369;438;-307;-342
6521079;-101;-199;686;709;-441;-454
6522079;-221;-207;667;634;-367;-347
6523078;-157;-33;322;251;-110;-61
6524079;60;238;-178;-253;214;268
6525078;326;469;-588;-632;450;478
6526075;503;529;-696;-687;479;463
6527075;491;378;-435;-375;288;237
6528076;290;97;73;159;-27;-83
6529077;11;-151;570;640;-312;-342
6530091;-191;-227;785;799;-427;-420
6531079;-201;-89;589;532;-324;-288
6532079;-12;186;64;-37;-57;-13
6533080;281;462;-524;-617;244;277
6534078;533;603;-875;-904;432;445
6535080;609;533;-809;-756;414;401
6536079;460;274;-362;-260;201;164
6537080;152;-55;237;330;-101;-148
6538078;-158;-285;697;733;-344;-378
6539080;-309;-294;802;771;-409;-407
6540078;-234;-89;517;444;-263;-223
6541092;10;205;2;-73;22;78
6542077;289;435;-463;-511;295;335
6543078;472;501;-624;-624;396;395
6544079;487;395;-390;-338;258;214
6545078;340;182;119;206;-53;-113
6546075;109;-23;649;729;-373;-417
6547075;-75;-111;936;963;-538;-542
6548076;-105;-25;848;802;-468;-433
6549076;42;196;438;343;-208;-156
6550078;291;443;-86;-173;106;148
6551092;513;595;-476;-506;323;336
6552077;610;592;-558;-524;344;327
6553078;552;448;-324;-256;170;133
6554079;377;234;85;144;-103;-142
6555078;161;40;453;480;-336;-361
6556075;-7;-55;597;590;-405;-405
6557075;-55;-7;442;409;-270;-240
6558076;44;168;54;2;6;54
6559076;245;379;-394;-452;290;332
6560078;434;501;-704;-744;445;458
6561091;496;453;-732;-727;396;370
6562078;391;252;-457;-399;161;110
6563079;167;0;7;94;-144;-192
6564080;-67;-177;456;521;-364;-383
6565078;-196;-190;666;672;-383;-366
6566075;-155;-34;515;458;-189;-145
6567075;42;216;64;-23;116;164
6568076;302;446;-454;-527;380;408
6569077;506;557;-760;-780;478;475
6570079;564;508;-680;-636;373;342
6571091;455;319;-249;-164;119;75
6572079;225;65;313;399;-164;-200
6573079;-24;-137;731;773;-342;-355
6574075;-167;-172;800;777;-333;-318
6575076;-117;6;492;417;-155;-118
6576078;116;316;-28;-116;91;130
6577079;411;577;-489;-544;281;302
6578075;599;623;-638;-631;320;312
6579076;563;417;-378;-312;179;145
6580078;316;77;172;269;-88;-132
6581078;-10;-200;733;810;-355;-388
6582088;-239;-268;1000;1016;-474;-480
6583079;-246;-104;822;764;-369;-342
6584079;-32;186;287;181;-80;-28
6585075;274;437;-323;-419;253;305
6586076;497;519;-695;-726;467;490
6587078;516;402;-655;-603;450;429
6588078;330;149;-248;-149;204;148
6589078;36;-131;296;382;-153;-213
6590078;-231;-328;697;723;-447;-479
6591079;-363;-357;756;718;-536;-525
6592089;-303;-190;448;376;-382;-336
6593078;-77;104;-72;-143;-66;-13
6594079;207;370;-555;-599;248;283
6595080;401;451;-775;-782;409;413
6596079;409;317;-650;-617;349;322
6597080;248;74;-268;-203;109;66
6598078;21;-126;178;247;-187;-228
6599080;-154;-197;490;526;-391;-411
6600078;-208;-137;540;522;-394;-382
6601080;-121;8;310;249;-182;-141
6602078;68;192;-98;-168;149;203
6603102;282;357;-489;-533;440;480
6604076;421;432;-656;-655;551;553
6605079;416;361;-487;-443;429;390
6606079;267;149;-47;23;136;78
6607080;36;-116;454;523;-186;-232
6608078;-185;-310;773;807;-386;-396
6609080;-309;-332;756;733;-375;-349
6610078;-278;-164;413;339;-172;-128
6611080;-88;111;-92;-179;104;143
6612078;178;344;-518;-571;300;315
6613080;377;402;-655;-644;300;285
6614093;381;249;-425;-358;89;50
6615079;180;-26;68;155;-235;-284
6616079;-115;-275;580;643;-515;-552
6617080;-339;-370;833;844;-605;-607
6618078;-368;-264;679;631;-447;-409
6619080;-186;-7;182;93;-106;-43
6620078;106;271;-411;-500;258;313
6621080;352;427;-805;-847;465;481
6622078;426;378;-811;-780;414;381
6623080;304;155;-436;-347;140;77
6624078;51;-133;128;226;-204;-259
6625090;-215;-351;593;646;-440;-456
6626079;-378;-390;708;687;-451;-425
6627079;-345;-209;395;314;-241;-191
6628080;-107;115;-194;-293;81;127
6629078;223;410;-755;-824;356;379
6630080;461;504;-1004;-1009;441;435
6631078;472;348;-825;-765;287;255
6632080;260;45;-324;-229;-29;-77
6633078;-50;-235;240;320;-348;-393
6634080;-297;-359;583;608;-502;-519
6635090;-363;-279;529;486;-410;-383
6636079;-218;-36;109;22;-123;-61
6637079;69;258;-443;-529;217;277
6638075;357;465;-824;-863;455;477
6639076;499;480;-827;-795;491;465
6640078;429;301;-444;-357;319;267
6641078;203;33;140;237;16;-28
6642075;-50;-178;656;712;-277;-296
6643076;-208;-232;870;862;-411;-408
6644078;-201;-105;695;635;-308;-287
6645095;-32;135;230;150;-18;18
6646093;214;365;-290;-353;295;340
6647080;410;457;-608;-630;455;483
6648079;442;353;-574;-545;377;360
6649075;280;102;-221;-153;108;45
6650076;8;-165;255;330;-220;-289
6651078;-236;-322;607;650;-467;-495
6652078;-340;-304;662;646;-531;-503
6653079;-263;-131;388;318;-376;-320
6654078;-46;118;-105;-191;-58;-12
6655079;210;340;-611;-671;272;291
6656079;400;447;-906;-916;442;441
6657092;444;389;-856;-819;364;350
6658077;320;179;-491;-426;92;60
6659078;75;-98;-2;64;-223;-269
6660079;-185;-313;361;401;-428;-464
6661078;-339;-351;422;413;-437;-434
6662080;-304;-187;150;91;-261;-212
6663078;-100;83;-328;-411;10;73
6664080;159;306;-781;-845;245;278
6665078;336;365;-970;-976;322;304
6666075;346;248;-775;-717;192;141
6667091;197;40;-276;-180;-87;-135
6668078;-20;-142;288;370;-368;-390
6669079;-187;-209;642;668;-492;-486
6670080;-208;-121;613;571;-381;-355
6671078;-57;101;212;127;-87;-48
6672080;210;375;-362;-448;241;283
6673078;469;566;-813;-858;444;471
6674080;581;555;-884;-867;425;416
6675078;472;316;-525;-449;196;147
6676075;185;-35;75;177;-131;-195
6677090;-135;-307;604;677;-397;-436
6678078;-326;-351;797;798;-473;-461
6679079;-298;-158;569;495;-322;-269
6680080;-74;153;38;-68;-19;38
6681078;238;431;-542;-620;284;315
6682080;498;562;-890;-902;436;430
6683078;582;493;-827;-775;356;325
6684080;437;249;-377;-292;85;45
6685078;132;-58;225;305;-223;-259
6686075;-167;-267;663;705;-404;-422
6687088;-291;-255;711;694;-367;-355
6688089;-55;-28;356;282;-138;-94
6689075;89;282;-208;-306;174;229
6690075;371;518;-700;-769;431;465
6691077;546;579;-881;-879;508;501
6692077;551;457;-663;-591;356;311
6693078;393;219;-150;-49;35;-22
6694078;142;-17;400;473;-292;-333
6695080;-74;-132;700;710;-448;-452
6696079;-138;-69;596;543;-343;-309
6697080;-20;123;155;69;-34;22
6698092;304;331;-381;-456;312;364
6699077;390;449;-743;-771;518;536
6700079;462;425;-766;-737;480;453
6701075;382;269;-457;-388;222;164
6702076;186;45;28;103;-129;-185
6703078;-34;-139;464;511;-408;-434
6704078;-164;-167;643;643;-486;-472
6705075;-113;4;470;424;-337;-296
6706076;107;296;24;-49;-38;7
6707078;387;549;-478;-548;268;300
6708092;614;627;-788;-820;443;451
6709078;597;496;-747;-719;407;390
6710079;425;232;-365;-286;183;145
6711075;146;-41;181;273;-111;-155
6712076;-118;-215;638;693;-327;-355
6713078;-258;-238;784;773;-361;-355
6714078;-224;-117;542;473;-200;-159
6715075;-43;96;26;-63;78;132
6716076;199;324;-511;-578;344;379
6717078;401;468;-800;-813;458;456
6718091;428;433;-688;-642;354;317
6719078;344;198;-232;-148;83;33
6720078;75;-125;332;415;-203;-241
6721079;-203;-346;711;752;-352;-359
6722078;-336;-322;714;687;-289;-262
6723080;-242;-64;343;259;-48;-1
6724078;30;272;-213;-310;263;307
6725080;339;500;-678;-733;509;530
6726079;525;510;-810;-794;565;557
6727080;482;302;-536;-460;391;356
6728093;41;-19;11;106;65;15
6729077;-130;-292;562;628;-248;-292
6730078;-365;-371;843;851;-394;-406
6731079;-350;-211;725;675;-306;-276
6732078;-100;109;279;197;-39;18
6733080;248;439;-262;-338;266;318
6734078;533;634;-627;-660;452;465
6735080;643;616;-634;-607;407;375
6736079;547;402;-286;-211;141;83
6737080;297;99;231;317;-215;-267
6738164;-96;-137;654;705;-484;-506
6739079;-165;-184;762;749;-526;-510
6740079;-148;-24;494;424;-314;-269
6741080;54;253;-20;-111;48;103
6742078;340;506;-531;-595;385;426
6743080;563;610;-784;-791;534;542
6744078;605;510;-655;-603;432;400
6745080;437;252;-202;-119;140;83
6746079;143;-38;357;433;-195;-247
6747080;-126;-222;763;799;-418;-436
6748078;-243;-216;831;813;-421;-397
6749093;-167;-42;539;474;-202;-151
6750077;43;201;32;-48;126;176
6751078;276;390;-439;-499;389;415
6752079;419;433;-642;-649;446;436
6753078;403;303;-470;-419;266;225
6754080;223;50;-9;77;-55;-108
6755078;-42;-204;508;586;-362;-401
6756075;-262;-326;816;842;-508;-513
6757075;-315;-241;746;703;-426;-395
6758076;-164;11;318;229;-157;-106
6759076;110;296;-256;-346;167;214
6760091;442;462;-681;-724;390;408
6761077;470;429;-733;-707;398;380
6762077;376;220;-381;-298;187;142
6763079;130;-59;198;294;-133;-183
6764078;-146;-277;720;781;-403;-434
6765080;-321;-329;932;929;-487;-483
6766079;-302;-186;736;673;-340;-301
6767075;-96;88;233;143;-34;19
6768076;197;364;-319;-392;274;316
6769078;432;502;-633;-654;424;432
6770090;451;435;-540;-498;332;299
6771079;362;200;-81;7;40;-15
6772079;104;-76;515;607;-304;-355
6773075;-145;-251;949;997;-534;-553
6774076;-262;-236;1002;977;-536;-514
6775078;-188;-44;642;556;-308;-258
6776079;38;220;35;-66;40;94
6777075;298;420;-529;-597;346;377
6778076;453;451;-784;-785;468;465
6779078;421;301;-610;-548;359;326
6780090;88;47;-109;-18;80;33
6781079;-47;-198;447;523;-226;-266
6782079;-266;-329;776;799;-402;-417
6783075;-335;-280;723;682;-353;-331
6784075;-209;-49;330;248;-102;-53
6785076;70;270;-206;-287;220;272
6786076;371;511;-625;-665;459;486
6787078;528;523;-710;-692;502;488
6788078;449;291;-399;-331;324;277
6789079;177;-55;166;255;-3;-57
6790093;-279;-331;709;779;-317;-353
6791091;-409;-409;966;981;-443;-444
6792075;-391;-269;827;776;-301;-266
6793075;-198;13;378;286;35;93
6794076;115;306;-152;-234;386;439
6795077;394;469;-501;-528;566;582
6796079;447;420;-497;-458;488;454
6797078;353;187;-150;-69;199;133
6798080;-69;-102;357;435;-155;-213
6799078;-192;-300;768;805;-401;-419
6800080;-317;-316;874;857;-424;-396
6801078;-264;-141;612;552;-226;-175
6802093;100;146;91;13;83;127
6803077;242;408;-445;-512;348;367
6804078;457;513;-737;-762;432;423
6805079;496;415;-634;-599;290;261
6806079;232;182;-187;-101;-9;-51
6807080;106;-54;375;470;-326;-367
6808078;-182;-189;777;826;-515;-537
6809080;-211;-173;819;790;-505;-493
6810078;-40;-4;469;379;-316;-272
6811080;87;258;-115;-216;-32;18
6812091;465;484;-653;-711;226;256
6813076;525;533;-862;-853;342;337
6814077;379;357;-631;-564;246;214
6815078;245;48;-93;-2;-21;-64
6816080;-181;-231;453;525;-318;-355
6817078;-276;-344;718;734;-479;-493
6818080;-273;-244;571;519;-414;-394
6819078;-172;25;90;-5;-161;-113
6820080;288;341;-482;-570;144;197
6821078;426;537;-863;-895;356;382
6822092;527;501;-863;-824;373;355
6823077;439;257;-491;-405;189;138
6824077;-2;-50;58;145;-106;-158
6825078;-137;-253;520;563;-362;-386
6826079;-274;-259;683;668;-434;-422
6827080;-217;-76;479;421;-268;-228
6828078;170;214;11;-61;58;108
6829080;324;491;-488;-547;383;422
6830078;622;629;-773;-795;551;562
6831075;626;560;-701;-673;498;475
6832091;354;317;-314;-242;268;221
6833079;212;30;188;271;-26;-73
6834079;-130;-156;560;607;-256;-278
6835075;-173;-166;622;604;-318;-307
6836076;-49;-13;346;271;-185;-150
6837078;60;233;-142;-231;71;112
6838079;444;473;-612;-666;312;340
6839075;539;596;-834;-830;402;404
6840076;551;531;-701;-649;292;265
6841078;459;300;-285;-214;37;-8
6842093;69;32;200;259;-245;-286
6843078;-34;-120;511;536;-429;-444
6844079;-89;-79;497;475;-432;-415
6845075;-17;130;167;104;-247;-207
6846076;354;404;-321;-398;40;84
6847078;481;610;-732;-785;279;306
6848079;652;644;-855;-853;331;326
6849075;613;491;-614;-552;161;123
6850080;286;240;-116;-24;-134;-188
6851079;158;22;398;471;-398;-437
6852092;-66;-63;674;688;-499;-499
6853090;-17;7;567;516;-394;-354
6854075;169;201;123;34;-130;-75
6855075;289;433;-442;-523;171;210
6856077;585;599;-855;-889;365;371
6857077;621;609;-920;-896;349;326
6858079;469;447;-619;-550;135;97
6859078;355;192;-112;-32;-153;-191
6860080;14;-21;339;392;-359;-381
6861078;-52;-90;506;506;-383;-376
6862080;-16;9;299;243;-229;-194
6863078;69;223;-184;-269;19;65
6864093;403;439;-703;-777;257;288
6865077;488;542;-992;-1014;387;388
6866078;490;464;-893;-849;345;320
6867080;396;226;-447;-356;121;85
6868078;-10;-48;121;211;-192;-229
6869080;-120;-203;518;558;-433;-459
6870078;-162;-145;543;510;-457;-457
6871080;-73;96;198;112;-244;-207
6872078;353;402;-324;-412;84;147
6873080;490;625;-750;-794;357;407
6874078;669;662;-866;-845;445;444
6875090;538;500;-616;-547;317;264
6876075;261;213;-131;-52;41;-25
6877076;109;-59;342;394;-243;-279
6878077;-173;-178;566;571;-383;-371
6879078;-168;-88;439;397;-296;-253
6880079;108;151;40;-30;-29;13
6881080;240;403;-429;-496;263;288
6882078;528;542;-743;-773;418;422
6883080;552;516;-751;-728;362;345
6884078;390;354;-444;-377;137;103
6885080;281;133;37;115;-140;-181
6886122;-25;-40;453;503;-353;-381
6887077;-73;-70;575;570;-410;-408
6888078;49;74;319;257;-282;-248
6889079;161;322;-196;-287;-19;28
6890078;511;543;-715;-789;255;293
6891080;625;635;-985;-1001;408;416
6892078;586;566;-882;-831;361;336
6893080;404;366;-458;-369;133;88
6894078;145;107;85;164;-165;-207
6895080;23;-92;490;522;-385;-406
6896170;-127;-122;557;532;-408;-397
6897078;-77;46;255;189;-219;-179
6898079;278;322;-256;-333;78;128
6899075;408;550;-716;-770;324;358
6900076;608;613;-898;-904;395;392
6901078;585;486;-717;-667;263;223
6902078;283;233;-258;-174;-3;-56
6903075;146;-18;253;329;-275;-310
6904076;-134;-141;566;593;-410;-410
6905078;-142;-75;534;497;-331;-299
6906079;88;129;190;111;-76;-31
6907091;329;362;-278;-354;218;256
6908079;506;517;-636;-667;410;424
6909079;546;534;-706;-681;419;404
6910075;421;396;-452;-389;257;222
6911076;307;144;1;69;10;-27
6912078;-77;-106;418;462;-206;-229
6913078;-191;-206;575;577;-299;-298
6914075;-103;-88;386;342;-232;-209
6915075;0;165;-54;-129;-40;-7
6916076;341;390;-530;-602;191;220
6917076;412;459;-816;-844;356;370
6918088;392;358;-775;-741;370;364
6919078;203;147;-417;-338;221;194
6920079;-47;-84;94;176;-14;-53
6921080;-239;-239;501;544;-213;-243
6922078;-252;-227;589;571;-267;-268
6923080;-64;-33;314;245;-147;-114
6924078;223;252;-167;-250;79;128
6925080;458;481;-586;-638;285;317
6926079;541;549;-712;-704;345;339
6927080;455;439;-476;-411;221;180
6928091;252;213;0;88;-20;-69
6929078;26;-14;478;541;-259;-287
6930079;-105;-121;725;732;-388;-383
6931080;-59;-37;631;582;-352;-325
6932078;143;192;255;181;-167;-137
6933080;385;430;-209;-270;69;91
6934078;529;539;-533;-556;228;240
6935080;538;473;-565;-542;224;220
6936079;315;268;-302;-247;69;44
6937080;51;15;117;179;-147;-185
6938078;-171;-182;494;537;-321;-350
6939092;-256;-247;659;664;-371;-371
6940079;-181;-163;542;506;-261;-227
6941078;-17;2;203;142;-17;30
6942080;133;150;-197;-254;250;286
6943078;210;217;-470;-496;396;402
6944080;206;199;-485;-466;335;309
6945078;128;111;-233;-178;108;63
6946075;-6;-26;160;223;-155;-195
6947075;-142;-157;491;530;-326;-339
6948076;-190;-193;579;572;-336;-318
6949089;-94;-79;374;323;-192;-156
6950078;103;136;-10;-81;40;74
6951079;290;325;-379;-430;261;279
6952080;372;384;-549;-552;352;352
6953078;320;296;-430;-384;253;234
6954080;155;112;-68;0;7;-27
6955078;48;-97;371;429;-254;-294
6956075;-243;-251;671;694;-395;-416
6957075;-293;-278;678;657;-344;-327
6958076;-179;-154;386;329;-132;-81
6959093;32;57;-51;-119;138;191
6960077;219;238;-405;-451;339;360
6961078;283;289;-490;-486;374;352
6962080;199;184;-254;-196;230;185
6963079;8;-26;191;275;-8;-46
6964075;-202;-239;631;693;-211;-223
6965076;-325;-340;844;850;-277;-264
6966078;-281;-261;722;670;-183;-160
6967079;-78;-32;319;240;13;37
6968075;169;213;-158;-223;221;241
6969092;308;322;-454;-473;343;355
6970078;248;220;-402;-367;317;312
6971079;18;-36;-24;48;143;116
6972075;-262;-309;482;560;-104;-146
6973076;-459;-471;862;905;-307;-341
6974078;-484;-460;931;915;-364;-365
6975078;-324;-284;660;592;-244;-208
6976076;-51;-17;186;102;-9;42
6977076;203;222;-255;-310;215;248
6978079;314;317;-448;-447;302;296
6979079;239;224;-307;-254;197;157
6980088;32;0;75;148;-46;-93
6981080;-199;-236;479;533;-297;-325
6982078;-353;-374;674;681;-421;-419
6983079;-357;-347;546;501;-355;-329
6984078;-205;-167;151;77;-137;-101
6985080;21;65;-315;-382;121;153
6986079;188;209;-631;-658;298;313
6987080;198;182;-655;-630;314;306
6988078;60;18;-389;-328;171;142
6989080;-137;-176;36;102;-53;-91
6990078;-298;-309;428;468;-247;-274
6991091;-359;-342;609;610;-309;-309
6992078;-289;-264;508;473;-202;-172
6993079;-104;-85;191;137;23;67
6994080;114;128;-167;-216;254;286
6995078;261;275;-376;-395;369;373
6996075;267;274;-325;-301;304;278
6997075;144;128;-44;13;87;45
6998076;-47;-85;334;397;-184;-220
6999076;-226;-264;640;673;-382;-397
7000078;-310;-318;725;713;-406;-395
7001095;-233;-204;527;477;-235;-202
7002092;-12;37;120;55;55;99
7003079;231;270;-300;-351;325;360
7004078;349;353;-515;-530;445;454
7005080;281;248;-419;-387;377;352
7006079;77;30;-73;-5;176;131
7007080;-145;-176;338;406;-47;-84
7008078;-278;-277;605;634;-185;-192
7009080;-249;-224;584;553;-167;-142
7010078;-54;-21;258;185;6;44
7011080;224;253;-223;-300;251;282
7012090;435;455;-615;-657;434;446
7013078;462;463;-707;-692;445;436
7014079;298;270;-450;-386;263;233
7015078;42;-5;25;106;-32;-76
7016080;-172;-213;493;550;-311;-351
7017079;-250;-252;734;743;-452;-465
7018080;-155;-116;638;595;-395;-372
7019078;71;124;257;185;-171;-122
7020080;325;357;-205;-271;110;157
7021078;474;471;-501;-528;311;328
7022092;434;405;-475;-447;325;305
7023090;233;198;-147;-76;143;99
7024075;-9;-36;311;388;-141;-185
7025075;-167;-178;674;715;-372;-395
7026077;-173;-164;761;744;-420;-412
7027077;-36;-11;520;456;-264;-227
7028079;170;203;63;-12;0;46
7029079;350;375;-385;-437;224;254
7030075;416;418;-606;-612;300;297
7031076;326;302;-502;-462;208;174
7032078;115;75;-143;-77;0;-41
7033078;-116;-151;277;337;-224;-249
7034075;-259;-270;545;568;-353;-353
7035089;-247;-229;527;501;-311;-290
7036076;-84;-48;231;168;-102;-71
7037077;153;188;-204;-273;174;207
7038079;353;372;-578;-618;380;404
7039079;419;415;-714;-708;413;414
7040075;326;302;-549;-502;262;231
7041076;132;100;-160;-95;7;-42
7042078;-56;-82;269;324;-230;-269
7043078;-151;-156;529;549;-346;-350
7044075;-110;-92;486;460;-292;-259
7045092;51;83;158;95;-92;-47
7046093;269;299;-282;-353;153;183
7047079;436;452;-601;-642;308;312
7048078;461;456;-628;-610;280;260
7049079;320;292;-338;-267;74;40
7050078;78;39;136;221;-204;-240
7051080;-140;-172;568;621;-413;-438
7052078;-225;-229;739;732;-444;-442
7053080;-138;-110;548;489;-273;-239
7054078;68;114;84;3;17;70
7055080;291;326;-417;-481;282;324
7056093;415;419;-700;-718;389;392
7057077;372;346;-631;-594;283;244
7058078;176;136;-264;-190;22;-34
7059079;-81;-114;204;277;-258;-297
7060078;-266;-279;539;572;-418;-419
7061080;-273;-263;576;552;-380;-348
7062078;-88;-56;285;217;-163;-121
7063080;199;243;-201;-278;131;163
7064078;445;480;-644;-695;366;382
7065080;529;534;-812;-812;439;437
7066079;413;380;-610;-558;318;298
7067090;162;109;-148;-66;60;24
7068078;-82;-122;328;398;-209;-250
7069079;-181;-180;578;596;-354;-376
7070080;-74;-33;485;439;-297;-279
7071078;178;232;107;23;-61;-8
7072080;441;475;-365;-438;232;289
7073078;580;577;-694;-717;430;452
7074080;532;501;-702;-667;428;401
7075078;331;293;-367;-297;228;172
7076075;78;52;149;223;-66;-115
7077088;-98;-107;590;636;-305;-320
7078078;-111;-103;736;734;-365;-346
7079079;36;59;526;475;-220;-184
7080080;260;293;76;-3;51;85
7081078;447;475;-393;-462;307;331
7082080;514;519;-665;-685;419;425
7083078;441;416;-615;-576;329;312
7084080;259;219;-269;-194;85;44
7085078;43;11;201;271;-197;-244
7086075;-114;-122;557;588;-386;-411
7087075;-139;-125;607;586;-392;-378
7088088;-11;14;316;253;-206;-158
7089075;219;247;-176;-253;94;148
7090075;455;479;-628;-683;364;394
7091077;586;599;-816;-822;462;455
7092077;541;533;-653;-604;333;295
7093079;328;292;-228;-146;42;-6
7094079;44;-5;243;313;-256;-293
7095075;-160;-195;527;548;-414;-422
7096076;-177;-169;491;452;-368;-345
7097078;-5;44;156;81;-163;-121
7098079;249;308;-311;-380;95;134
7099093;448;472;-675;-706;293;310
7100080;484;459;-740;-722;340;329
7101079;339;288;-457;-397;209;179
7102075;83;42;46;122;-36;-72
7103076;-157;-169;521;582;-259;-286
7104078;-258;-246;729;742;-321;-325
7105078;-160;-140;566;519;-172;-143
7106075;84;109;108;20;117;170
7107076;351;381;-427;-511;399;447
7108078;516;541;-780;-813;524;535
7109151;512;511;-772;-736;427;389
7110077;348;313;-398;-313;152;88
7111078;106;54;154;242;-172;-221
7112078;-97;-131;595;640;-395;-405
7113078;-160;-152;687;668;-418;-391
7114079;-50;-7;383;309;-236;-195
7115078;173;220;-150;-241;56;91
7116075;389;410;-627;-687;307;326
7117075;486;475;-797;-794;377;377
7118076;419;390;-580;-514;219;195
7119076;229;201;-85;6;-89;-136
7120090;24;7;440;510;-391;-441
7121078;-80;-84;735;748;-534;-555
7122079;-22;-11;652;605;-451;-421
7123080;167;194;232;151;-182;-116
7124078;387;423;-311;-388;154;214
7125080;520;542;-707;-744;406;424
7126079;494;483;-760;-740;448;420
7127080;316;272;-454;-386;246;196
7128078;59;8;41;124;-100;-146
7129080;-167;-193;468;522;-405;-431
7130091;-262;-252;609;604;-508;-507
7131077;-181;-148;397;334;-375;-346
7132077;32;67;-59;-145;-100;-53
7133078;270;292;-528;-591;173;215
7134078;411;416;-773;-780;331;344
7135080;384;373;-671;-623;318;295
7136079;204;177;-271;-195;143;100
7137080;-34;-69;246;314;-108;-145
7138078;-200;-227;651;685;-305;-319
7139080;-198;-195;756;746;-330;-317
7140078;-21;18;510;459;-160;-127
7141091;253;309;33;-40;113;154
7142079;506;543;-435;-500;349;380
7143079;629;625;-663;-684;433;436
7144080;562;526;-544;-503;328;299
7145078;327;283;-141;-55;76;28
7146075;34;3;347;428;-213;-255
7147075;-163;-173;668;697;-408;-423
7148076;-160;-149;633;593;-402;-383
7149076;24;55;234;146;-185;-142
7150078;275;314;-337;-426;134;183
7151090;454;481;-789;-834;389;419
7152078;479;474;-889;-870;443;438
7153079;341;303;-592;-520;276;235
7154080;99;51;-53;35;-19;-75
7155078;-134;-163;460;524;-301;-340
7156075;-240;-236;703;710;-444;-445
7157075;-157;-126;562;510;-387;-354
7158076;72;112;119;36;-158;-114
7159077;323;353;-390;-463;129;163
7160079;455;462;-706;-731;328;340
7161091;396;376;-667;-630;336;324
7162079;180;141;-291;-212;156;124
7163079;-77;-118;232;314;-106;-146
7164075;-249;-268;638;681;-311;-340
7165076;-256;-242;716;698;-351;-349
7166078;-95;-55;428;358;-207;-170
7167079;162;205;-78;-164;47;99
7168075;402;427;-557;-616;283;318
7169076;510;508;-786;-790;379;375
7170078;426;401;-665;-616;280;243
7171103;183;146;-256;-180;32;-15
7172077;-103;-140;241;307;-249;-281
7173078;-295;-316;581;608;-426;-432
7174080;-299;-291;596;574;-412;-394
7175079;-117;-79;288;225;-218;-184
7176076;155;205;-184;-260;56;93
7177076;383;416;-586;-637;280;306
7178077;453;447;-714;-711;354;356
7179077;332;291;-494;-436;250;224
7180078;81;32;-23;61;17;-25
7181078;-168;-198;475;543;-238;-276
7182091;-294;-291;765;782;-380;-392
7183078;-243;-215;708;667;-318;-295
7184079;-55;-20;330;253;-75;-26
7185080;170;195;-191;-266;217;265
7186079;327;335;-600;-640;405;424
7187080;335;327;-697;-684;399;376
7188078;177;153;-443;-383;208;159
7189080;-76;-112;14;92;-79;-125
7190078;-286;-319;425;481;-335;-356
7191080;-325;-332;568;569;-438;-430
7192091;-169;-135;360;301;-330;-302
7193077;96;155;-100;-189;-57;-20
7194077;337;382;-582;-652;242;279
7195079;448;446;-841;-853;420;441
7196079;390;346;-749;-699;389;378
7197080;195;147;-350;-269;167;123
7198078;-39;-61;163;234;-142;-199
7199080;-200;-193;556;586;-403;-439
7200078;-206;-188;651;634;-493;-486
7201080;-57;-41;414;361;-365;-321
7202092;169;186;-39;-106;-74;-21
7203077;363;386;-493;-547;233;268
7204078;434;451;-717;-735;385;388
7205079;351;342;-582;-548;289;259
7206079;149;108;-137;-56;-10;-61
7207080;-82;-131;405;495;-358;-407
7208078;-234;-257;772;819;-570;-593
7209080;-228;-206;782;753;-541;-521
7210078;-60;-8;436;345;-300;-244
7211080;189;233;-91;-188;17;76
7212092;385;396;-541;-588;254;279
7213077;415;394;-691;-667;303;282
7214078;256;219;-463;-392;148;99
7215079;-7;-40;28;104;-134;-179
7216079;-236;-255;530;581;-409;-429
7217080;-328;-330;782;792;-528;-523
7218078;-262;-245;646;610;-413;-389
7219080;-73;-43;171;97;-113;-74
7220078;165;197;-432;-520;218;263
7221080;357;378;-890;-950;418;447
7222078;399;399;-986;-980;401;391
7223092;247;218;-677;-600;189;138
7224080;-39;-87;-125;-17;-104;-165
7225079;-314;-359;377;451;-333;-363
7226075;-433;-444;561;554;-374;-354
7227076;-337;-303;324;241;-185;-130
7228078;-84;-25;-210;-316;159;216
7229079;188;235;-757;-825;491;522
7230075;346;350;-1015;-1012;635;632
7231076;312;276;-829;-763;514;482
7232078;100;52;-270;-174;197;149
7233093;-190;-223;407;491;-142;-188
7234080;-413;-423;892;935;-333;-353
7235079;-449;-439;979;962;-290;-269
7236075;-274;-248;659;590;-47;6
7237076;22;61;124;33;270;327
7238078;281;320;-340;-403;506;531
7239079;360;373;-492;-490;543;523
7240075;218;187;-247;-176;358;307
7241076;-59;-123;276;377;35;-15
7242078;-314;-367;808;883;-267;-295
7243091;-402;-402;1055;1062;-402;-400
7244076;-277;-222;867;801;-304;-276
7245076;-5;62;322;219;-25;16
7246078;275;309;-318;-407;293;335
7247078;441;427;-763;-796;497;519
7248079;429;392;-822;-789;487;474
7249078;252;225;-492;-416;263;217
7250080;-3;-14;42;123;-73;-131
7251078;-211;-220;493;542;-369;-408
7252080;-259;-271;611;604;-484;-481
7253078;-119;-115;332;268;-360;-319
7254092;136;174;-190;-283;-65;-9
7255077;378;434;-681;-753;245;285
7256079;492;521;-892;-900;416;421
7257080;423;393;-721;-657;374;345
7258078;188;117;-247;-149;156;112
7259080;-110;-170;311;388;-120;-157
7260078;-332;-341;701;723;-321;-335
7261080;-364;-327;751;717;-348;-336
7262078;-188;-140;447;383;-179;-147
7263080;106;136;-59;-125;113;155
7264090;376;385;-520;-567;391;427
7265078;501;501;-709;-719;510;521
7266079;442;436;-527;-489;400;375
7267080;240;220;-59;19;109;53
7268078;-13;-51;475;561;-219;-276
7269080;-207;-245;827;871;-420;-442
7270078;-243;-250;833;804;-396;-368
7271080;-92;-53;483;396;-168;-108
7272078;172;234;-66;-161;141;194
7273080;402;445;-551;-603;377;393
7274091;471;461;-717;-702;426;403
7275078;338;284;-466;-397;259;218
7276079;68;9;72;160;-55;-94
7277080;-202;-227;610;678;-375;-402
7278078;-330;-315;865;878;-542;-554
7279080;-242;-207;704;653;-471;-459
7280078;14;49;207;113;-201;-159
7281080;307;332;-386;-476;129;186
7282078;494;508;-794;-833;361;400
7283080;497;494;-814;-781;386;375
7284089;319;293;-437;-349;187;129
7285078;40;-5;143;239;-138;-205
7286079;-212;-254;625;678;-411;-444
7287080;-310;-319;756;741;-463;-442
7288078;-192;-157;467;392;-250;-190
7289080;87;149;-96;-193;115;178
7290079;385;435;-661;-731;449;482
7291075;537;543;-958;-970;601;593
7292076;460;419;-849;-800;514;479
7293078;202;143;-385;-299;236;193
7294089;-93;-133;212;295;-101;-137
7295079;-273;-276;651;694;-333;-353
7296075;-257;-228;715;697;-341;-336
7297077;-63;-25;380;306;-123;-87
7298078;211;241;-168;-263;200;257
7299080;437;452;-637;-700;464;508
7300079;505;504;-772;-765;539;539
7301075;384;365;-487;-410;395;346
7302076;143;107;91;199;103;37
7303078;-88;-127;688;768;-195;-235
7304095;-189;-205;1010;1022;-352;-346
7305092;-111;-86;902;845;-291;-252
7306075;104;157;421;327;-51;-7
7307076;345;391;-196;-280;229;257
7308078;493;500;-653;-691;403;409
7309078;483;451;-728;-707;385;370
7310079;327;283;-397;-326;188;159
7311078;103;77;155;244;-88;-126
7312079;-82;-84;632;695;-314;-345
7313078;-142;-132;785;785;-383;-388
7314080;-42;-29;539;471;-266;-236
7315078;179;199;12;-88;-27;22
7316093;422;452;-549;-628;212;252
7317078;568;597;-883;-899;329;332
7318078;542;542;-823;-773;252;218
7319079;350;309;-390;-304;6;-44
7320078;83;22;209;290;-295;-335
7321080;-123;-160;678;722;-502;-514
7322078;-157;-141;788;777;-507;-489
7323080;6;64;499;435;-304;-266
7324078;286;344;-27;-117;7;50
7325080;537;558;-524;-593;281;313
7326091;630;610;-747;-757;386;391
7327078;525;487;-593;-536;272;243
7328079;283;251;-142;-50;-9;-61
7329080;31;15;380;456;-324;-373
7330078;-102;-106;711;732;-519;-538
7331080;-54;-46;680;638;-496;-472
7332078;149;174;297;217;-262;-209
7333080;418;458;-248;-326;66;119
7334078;630;666;-687;-729;316;341
7335080;690;695;-804;-793;352;337
7336090;564;529;-545;-485;156;109
7337078;310;253;-45;37;-170;-223
7338079;53;12;442;508;-461;-495
7339080;-68;-68;673;687;-576;-573
7340078;12;51;534;484;-460;-425
7341080;258;309;91;2;-172;-122
7342078;536;569;-437;-518;148;189
7343080;701;704;-791;-820;347;362
7344078;681;658;-792;-756;334;315
7345080;498;464;-442;-363;125;82
7346208;239;209;87;168;-166;-212
7347080;11;-7;537;582;-391;-416
7348079;-90;-94;690;682;-430;-420
7349080;-7;6;473;417;-253;-212
7350078;235;270;-7;-85;59;112
7351080;522;568;-516;-582;358;396
7352078;703;733;-801;-825;497;501
7353080;678;666;-723;-687;413;382
7354078;460;406;-311;-230;159;109
7355080;161;98;241;329;-132;-173
7356092;-73;-102;665;714;-318;-330
7357091;-122;-100;741;723;-313;-292
7358079;46;101;419;341;-121;-80
7359079;354;404;-144;-242;162;203
7360075;632;653;-667;-734;394;416
7361076;723;712;-885;-885;452;447
7362078;582;548;-692;-627;307;275
7363078;294;252;-190;-96;31;-14
7364075;17;-16;360;434;-238;-275
7365076;-109;-118;671;688;-369;-378
7366078;-30;-7;573;526;-297;-270
7367089;210;257;113;24;-57;-7
7368076;496;542;-467;-554;228;272
7369077;680;698;-864;-904;413;428
7370079;661;640;-875;-845;400;378
7371079;444;394;-502;-416;182;136
7372075;138;87;57;152;-148;-196
7373076;-97;-121;522;575;-441;-470
7374076;-144;-129;672;655;-546;-546
7375076;9;51;447;377;-407;-375
7376078;270;314;-28;-111;-89;-36
7377091;507;531;-523;-578;249;299
7378078;623;618;-811;-819;447;467
7379079;577;554;-771;-737;414;391
7380080;393;365;-434;-377;172;116
7381078;148;123;28;89;-157;-213
7382080;-42;-60;389;430;-404;-428
7383078;-86;-90;468;467;-431;-412
7384080;31;51;222;171;-220;-169
7385078;237;275;-230;-312;112;166
7386075;415;450;-669;-738;390;420
7387090;478;482;-875;-887;473;464
7388078;400;368;-731;-677;322;281
7389079;215;169;-288;-197;14;-37
7390080;1;-28;255;333;-305;-344
7391078;-144;-143;642;669;-484;-493
7392080;-145;-123;682;652;-434;-410
7393078;7;33;360;290;-180;-134
7394080;239;261;-163;-239;143;191
7395078;429;446;-634;-686;375;401
7396075;473;479;-829;-834;404;393
7397092;337;320;-650;-604;229;184
7398077;76;32;-175;-94;-54;-106
7399078;-188;-237;365;445;-308;-338
7400079;-325;-346;691;726;-417;-411
7401078;-260;-233;616;580;-334;-300
7402080;-16;45;163;67;-86;-46
7403078;293;348;-436;-541;215;247
7404080;510;525;-865;-916;420;436
7405078;511;481;-889;-853;419;411
7406075;280;227;-488;-385;209;175
7407075;-68;-116;124;232;-90;-141
7408090;-349;-372;622;673;-322;-361
7409078;-414;-406;745;715;-381;-379
7410079;-236;-199;439;352;-248;-203
7411080;83;134;-131;-224;14;72
7412078;378;419;-682;-737;278;312
7413080;504;512;-946;-947;402;395
7414078;398;364;-800;-752;316;278
7415080;109;50;-320;-243;68;24
7416079;-210;-260;247;323;-203;-231
7417080;-379;-390;612;652;-359;-364
7418078;-304;-269;594;571;-335;-317
7419089;-37;23;213;130;-148;-116
7420078;265;314;-331;-431;116;151
7421079;453;461;-766;-823;337;363
7422075;458;427;-870;-848;399;402
7423076;304;262;-581;-497;260;233
7424078;76;50;-34;63;-15;-65
7425078;-108;-112;507;567;-287;-333
7426075;-149;-139;777;775;-417;-428
7427079;-21;-4;650;597;-346;-313
7428075;205;229;210;134;-126;-70
7429091;417;446;-307;-372;125;165
7430077;532;551;-646;-674;284;285
7431079;516;508;-661;-640;276;245
7432075;377;343;-373;-310;103;66
7433076;162;122;63;135;-150;-175
7434078;-36;-59;435;480;-358;-368
7435078;-118;-113;562;556;-410;-409
7436075;-39;-12;374;320;-278;-262
7437076;150;183;-51;-124;-24;9
7438078;352;375;-519;-578;230;272
7439090;472;477;-804;-823;362;385
7440078;455;441;-758;-729;298;279
7441078;300;274;-394;-327;58;2
7442079;71;41;122;200;-243;-302
7443078;-126;-149;549;601;-449;-472
7444080;-200;-205;685;683;-447;-418
7445078;-123;-103;466;408;-226;-167
7446075;56;92;5;-80;108;160
7447075;246;278;-459;-526;391;411
7448076;348;355;-680;-689;480;467
7449091;286;262;-525;-470;334;298
7450078;54;10;-61;29;27;-14
7451078;-246;-289;475;553;-285;-320
7452080;-448;-470;805;829;-454;-469
7453078;-429;-414;755;714;-404;-389
7454080;-199;-150;354;268;-166;-121
7455078;113;170;-193;-277;143;196
7456075;351;382;-613;-654;381;412
7457075;405;390;-701;-680;433;422
7458077;250;201;-415;-345;268;222
7459098;-36;-88;104;187;-39;-94
7460078;-301;-326;598;657;-331;-365
7461079;-392;-382;815;822;-446;-443
7462080;-260;-224;639;588;-316;-278
7463078;8;52;156;69;-10;42
7464080;255;285;-386;-467;309;352
7465078;352;353;-712;-743;480;491
7466075;261;232;-660;-621;413;385
7467075;32;-12;-263;-173;135;81
7468076;-229;-264;272;361;-221;-275
7469076;-403;-413;674;712;-481;-508
7470090;-405;-388;745;715;-513;-498
7471075;-228;-193;460;384;-304;-255
7472075;48;87;-25;-103;32;90
7473077;293;320;-464;-507;324;359
7474077;387;391;-632;-624;433;428
7475078;288;263;-440;-390;325;286
7476079;50;6;15;87;70;21
7477080;-204;-245;509;574;-204;-236
7478078;-349;-362;795;823;-361;-364
7479080;-317;-294;733;704;-309;-286
7480088;-132;-87;351;274;-61;-21
7481078;107;145;-168;-255;257;300
7482079;281;292;-582;-631;477;504
7483080;308;290;-692;-676;488;481
7484078;173;141;-448;-378;299;256
7485080;-58;-88;31;116;10;-46
7486079;-277;-296;516;572;-243;-279
7487075;-372;-376;768;773;-344;-337
7488076;-288;-273;660;616;-235;-193
7489078;-55;-21;242;171;40;90
7490090;216;259;-271;-341;344;378
7491079;392;419;-614;-650;512;517
7492079;381;369;-604;-584;450;427
7493075;189;141;-244;-170;198;155
7494076;-86;-141;291;385;-107;-152
7495078;-313;-340;743;803;-305;-329
7496079;-393;-378;878;868;-292;-278
7497075;-301;-260;614;538;-73;-23
7498076;-86;-49;77;-22;244;302
7499078;138;153;-449;-518;501;533
7500078;250;246;-681;-682;568;556
7501089;181;165;-491;-426;412;364
7502075;-35;-61;23;120;104;50
7503076;-288;-321;616;695;-210;-243
7504078;-452;-477;1003;1029;-380;-382
7505078;-450;-449;1003;968;-325;-300
7506079;-283;-247;623;546;-88;-49
7507078;-20;33;62;-20;190;228
7508079;221;257;-389;-440;360;378
7509078;317;314;-506;-498;338;323
7510080;208;168;-237;-171;134;91
7511190;-64;-116;276;368;-164;-214
7512079;-362;-399;774;843;-434;-465
7513078;-527;-531;1002;1009;-550;-548
7514080;-470;-444;836;777;-452;-420
7515078;-228;-184;352;258;-183;-138
7516075;65;106;-210;-289;116;155
7517075;255;274;-579;-604;290;305
7518076;249;233;-592;-556;249;230
7519076;54;11;-277;-204;25;-21
7520078;-227;-275;178;248;-265;-314
7521078;-460;-486;541;573;-482;-506
7522093;-527;-518;632;615;-531;-518
7523077;-389;-351;406;353;-402;-363
7524078;-107;-60;-28;-94;-171;-131
7525079;173;206;-455;-507;37;56
7526079;301;306;-651;-664;109;101
7527080;218;191;-502;-464;-5;-33
7528078;-8;-54;-74;2;-257;-293
7529080;-241;-278;423;503;-521;-553
7530078;-363;-369;753;790;-658;-671
7531080;-326;-298;766;737;-590;-573
7532091;-147;-105;465;387;-344;-298
7533078;94;125;-2;-82;-33;19
7534079;286;296;-411;-449;208;238
7535080;339;330;-559;-544;288;278
7536079;239;219;-376;-322;188;148
7537080;55;31;40;104;-34;-75
7538078;-110;-131;467;515;-267;-289
7539080;-189;-196;679;692;-383;-379
7540078;-151;-139;566;534;-294;-271
7541080;-8;18;178;109;-16;20
7542078;186;217;-309;-385;326;370
7543089;344;362;-671;-715;568;602
7544075;374;369;-740;-725;602;602
7545075;248;221;-484;-418;436;395
7546077;29;-8;-29;51;172;113
7547077;-168;-196;393;445;-46;-82
7548079;-249;-251;565;561;-95;-81
7549078;-180;-154;389;334;70;124
7550080;3;42;-46;-123;389;448
7551078;216;244;-520;-581;716;749
7552075;356;361;-790;-807;895;892
7553092;354;338;-722;-686;832;804
7554078;212;185;-349;-276;560;520
7555079;4;-22;152;227;226;186
7556075;-155;-172;545;587;11;-13
7557076;-169;-166;639;627;15;22
7558078;-9;17;383;323;199;242
7559079;252;297;-94;-175;436;489
7560075;479;516;-546;-607;596;621
7561076;543;547;-721;-727;597;573
7562078;412;373;-505;-447;422;369
7563091;152;93;11;107;126;78
7564079;-111;-151;586;671;-181;-202
7565079;-258;-257;946;974;-379;-378
7566075;-219;-184;927;885;-393;-383
7567076;-4;37;550;464;-233;-217
7568078;283;312;12;-70;13;40
7569079;496;507;-406;-444;224;257
7570075;521;515;-491;-469;288;305
7571080;351;326;-206;-138;158;135
7572079;80;40;284;363;-116;-176
7573092;-152;-189;716;767;-406;-465
7574077;-233;-243;864;861;-565;-580
7575078;-117;-85;653;596;-515;-475
7576080;156;214;185;100;-284;-219
7577078;462;512;-319;-388;7;51
7578080;641;652;-624;-643;205;205
7579078;585;552;-591;-555;191;157
7580080;317;259;-253;-182;-43;-86
7581078;-18;-68;209;278;-381;-416
7582080;-245;-261;564;598;-635;-657
7583183;-258;-235;638;622;-673;-672
7584080;-70;-25;398;341;-485;-455
7585079;210;252;-42;-112;-178;-124
7586080;446;466;-480;-532;98;145
7587078;533;526;-712;-724;212;221
7588080;438;412;-632;-599;111;71
7589078;216;183;-286;-222;-149;-211
7590080;-18;-45;145;211;-425;-469
7591078;-148;-159;442;474;-569;-567
7592080;-115;-102;446;425;-508;-468
7593078;59;93;146;79;-281;-233
7594089;288;327;-329;-409;6;35
7595075;461;483;-769;-820;231;237
7596076;495;486;-965;-966;307;300
7597078;369;334;-819;-771;210;198
7598078;136;95;-394;-321;-6;-28
7599079;-102;-128;104;171;-245;-276
7600078;-240;-243;427;456;-396;-423
7601080;-210;-193;402;377;-385;-384
7602078;-15;15;31;-41;-212;-173
7603080;259;294;-511;-599;46;102
7604092;476;503;-958;-1016;264;299
7605077;516;519;-1080;-1072;325;315
7606078;354;322;-801;-728;184;135
7607080;74;19;-253;-152;-99;-154
7608078;-170;-214;290;365;-379;-409
7609080;-254;-254;551;558;-492;-485
7610078;-138;-92;396;334;-359;-323
7611080;115;175;-85;-181;-40;8
7612078;383;417;-633;-711;299;342
7613080;527;520;-956;-974;495;512
7614088;466;431;-884;-837;467;448
7615078;219;179;-464;-377;248;201
7616079;-88;-118;84;165;-45;-95
7617080;-298;-313;489;525;-270;-294
7618079;-310;-305;566;542;-312;-298
7619075;-135;-106;302;235;-147;-103
7620076;131;176;-154;-228;143;191
7621078;362;400;-568;-614;410;439
7622078;453;457;-722;-719;515;513
7623075;360;326;-522;-472;401;369
7624076;125;73;-55;22;120;73
7625092;-141;-179;467;539;-190;-232
7626078;-305;-311;807;839;-382;-398
7627079;-277;-252;811;785;-363;-346
7628075;-72;-32;480;408;-152;-107
7629076;206;242;-25;-108;142;191
7630078;437;455;-457;-509;376;402
7631078;536;535;-604;-598;437;427
7632075;484;467;-399;-338;299;259
7633076;314;288;50;131;32;-13
7634088;106;80;513;574;-226;-255
7635186;-30;-46;749;758;-349;-349
7636076;-9;-3;631;585;-272;-246
7637076;177;210;213;135;-25;15
7638077;450;498;-305;-378;279;319
7639076;682;718;-685;-720;496;518
7640078;761;761;-754;-736;509;501
7641078;640;601;-479;-417;309;269
7642079;372;317;11;89;3;-51
7643078;94;56;472;529;-249;-287
7644080;-36;-38;655;663;-321;-317
7645078;54;89;461;409;-175;-129
7646089;315;366;-14;-103;131;191
7647079;605;644;-538;-619;456;496
7648079;780;788;-854;-880;632;635
7649080;765;742;-801;-757;562;530
7650078;577;538;-400;-311;282;232
7651080;306;269;140;225;-51;-96
7652078;88;68;527;563;-263;-282
7653080;40;44;547;515;-260;-243
7654078;186;215;191;109;-65;-19
7655080;435;478;-350;-438;215;263
7656079;634;667;-802;-851;444;468
7657089;663;661;-943;-930;511;500
7658078;491;448;-704;-639;379;343
7659079;181;120;-196;-111;102;58
7660080;-133;-177;342;408;-202;-235
7661078;-305;-309;655;674;-397;-409
7662080;-253;-219;590;555;-387;-375
7663078;-19;29;192;116;-175;-140
7664080;253;290;-322;-402;122;170
7665078;417;424;-674;-716;339;374
7666075;401;379;-678;-653;351;345
7667089;225;188;-332;-250;145;95
7668078;-29;-62;191;284;-180;-246
7669079;-255;-273;646;699;-471;-512
7670080;-355;-356;826;812;-592;-583
7671078;-287;-271;651;588;-491;-443
7672080;-93;-64;214;140;-233;-182
7673078;117;150;-264;-315;30;56
7674080;235;252;-550;-563;155;148
7675078;203;190;-516;-490;79;50
7676075;39;0;-200;-144;-161;-197
7677093;-181;-222;231;294;-455;-486
7678077;-349;-367;564;605;-666;-686
7679077;-370;-354;631;626;-695;-694
7680079;-220;-183;382;326;-525;-497
7681078;26;65;-82;-164;-239;-189
7682080;243;265;-545;-611;17;61
7683079;329;325;-771;-784;110;118
7684075;263;239;-628;-577;-9;-48
7685076;88;58;-163;-73;-283;-346
7686078;-119;-143;407;490;-580;-625
7687174;-276;-286;804;840;-754;-756
7688077;-301;-298;834;805;-709;-673
7689078;-165;-145;492;413;-443;-393
7690080;79;114;-38;-124;-64;-21
7691079;306;342;-483;-533;263;289
7692075;390;404;-618;-607;401;407
7693076;284;257;-376;-310;312;293
7694078;36;-19;131;217;68;28
7695078;-233;-282;656;722;-188;-232
7696076;-393;-404;939;954;-320;-339
7697076;-354;-320;834;791;-255;-230
7698090;-115;-61;387;304;-19;36
7699079;212;256;-182;-266;269;322
7700079;461;476;-596;-640;465;480
7701075;500;485;-651;-630;466;437
7702080;319;283;-326;-249;275;225
7703079;28;-14;210;303;0;-40
7704078;-212;-242;681;740;-202;-213
7705079;-281;-281;836;828;-205;-186
7706079;-150;-116;575;504;5;44
7707080;110;162;8;-91;331;375
7708092;370;409;-586;-664;617;651
7709077;500;503;-904;-923;741;749
7710078;435;402;-785;-733;656;630
7711079;206;158;-294;-198;404;356
7712078;-70;-106;313;406;108;62
7713080;-247;-256;739;779;-82;-100
7714078;-220;-200;783;751;-66;-45
7715080;5;46;444;360;142;191
7716079;313;358;-88;-176;426;475
7717080;539;566;-527;-573;631;651
7718088;564;556;-643;-625;649;630
7719078;383;340;-379;-310;456;410
7720079;96;40;122;206;128;79
7721080;-153;-188;609;666;-184;-217
7722078;-250;-243;846;851;-336;-340
7723080;-149;-109;730;684;-260;-236
7724078;102;149;329;255;-10;32
7725080;385;414;-159;-226;275;318
7726079;563;567;-508;-538;453;472
7727080;559;543;-556;-537;438;420
7728088;385;357;-282;-223;234;188
7729078;131;99;182;255;-70;-120
7730079;-83;-109;617;671;-345;-374
7731080;-158;-164;807;815;-463;-460
7732078;-52;-29;647;602;-366;-335
7733080;188;232;201;121;-100;-57
7734078;441;484;-321;-399;192;230
7735080;577;591;-668;-702;347;362
7736079;529;502;-670;-641;270;249
7737080;320;269;-333;-255;-12;-65
7738087;51;8;169;253;-367;-426
7739092;-156;-168;582;627;-616;-648
7740079;-217;-200;690;673;-627;-609
7741078;-108;-79;427;359;-388;-327
7742080;119;146;-90;-175;-20;46
7743078;358;378;-620;-684;291;326
7744080;484;495;-915;-930;401;387
7745078;418;411;-846;-809;267;220
7746075;175;140;-470;-398;-28;-78
7747075;-136;-190;17;89;-334;-363
7748076;-369;-411;380;417;-500;-501
7749077;-411;-408;441;424;-443;-421
7750091;-238;-186;160;96;-190;-153
7751075;59;126;-332;-413;141;184
7752076;317;353;-779;-836;399;432
7753078;385;367;-926;-927;466;469
7754079;218;161;-675;-612;311;276
7755075;-97;-154;-144;-45;8;-50
7756076;-409;-436;407;489;-295;-344
7757078;-578;-571;718;737;-451;-460
7758079;-539;-513;642;590;-378;-341
7759075;-315;-286;224;132;-111;-52
7760093;-21;7;-306;-385;205;251
7761078;181;205;-653;-677;391;400
7762079;178;180;-618;-578;341;310
7763075;-33;-67;-213;-129;83;30
7764076;-338;-399;363;450;-251;-298
7765078;-580;-628;837;886;-506;-526
7766079;-640;-636;991;981;-570;-559
7767080;-483;-426;763;702;-416;-381
7768078;-173;-103;269;187;-110;-66
7769079;142;180;-249;-316;198;236
7770092;305;294;-546;-565;347;360
7771077;235;193;-478;-441;252;229
7772078;-15;-58;-85;-8;-38;-93
7773079;-299;-323;425;504;-372;-431
7774078;-460;-464;778;818;-583;-609
7775080;-426;-412;778;751;-565;-538
7776079;-224;-195;414;332;-330;-268
7777080;41;78;-134;-229;-1;56
7778078;247;276;-604;-659;258;278
7779080;304;305;-775;-763;328;306
7780089;188;157;-573;-506;185;143
7781078;-44;-92;-99;-16;-94;-131
7782079;-283;-319;415;474;-375;-396
7783080;-413;-416;714;728;-529;-534
7784078;-372;-344;646;611;-487;-476
7785080;-183;-143;247;178;-267;-238
7786079;61;92;-283;-360;38;82
7787080;249;260;-688;-736;306;347
7788078;299;291;-770;-762;414;426
7789080;198;178;-482;-415;300;268
7790164;11;-14;51;146;17;-42
7791080;-161;-183;587;661;-276;-329
7792079;-233;-239;869;882;-418;-427
7793080;-163;-147;758;706;-329;-286
7794078;25;60;321;232;-54;10
7795080;254;292;-210;-287;263;309
7796079;413;432;-557;-583;456;459
7797080;412;399;-546;-510;417;382
7798078;242;203;-199;-121;168;120
7799080;-6;-50;288;365;-144;-182
7800078;-197;-220;656;692;-337;-350
7801088;-231;-219;702;680;-295;-277
7802075;-96;-57;383;312;-33;12
7803075;135;176;-169;-255;329;384
7804077;351;373;-711;-775;631;670
7805077;452;447;-999;-1014;749;750
7806079;391;367;-905;-865;650;613
7807078;195;166;-477;-398;397;345
7808080;-48;-74;81;163;116;80
7809078;-220;-237;495;541;-60;-65
7810080;-226;-223;557;540;-50;-27
7811096;-40;-12;234;159;145;181
7812088;258;307;-312;-408;430;465
7813075;526;572;-808;-873;657;680
7814076;633;643;-998;-996;697;697
7815078;523;486;-783;-715;515;483
7816080;252;188;-266;-169;180;125
7817075;-44;-92;293;368;-162;-216
7818076;-200;-203;605;621;-363;-384
7819078;-121;-79;496;446;-337;-310
7820078;154;212;15;-76;-108;-50
7821075;467;508;-586;-675;194;246
7822089;644;649;-984;-1024;403;419
7823079;606;577;-965;-931;401;374
7824079;398;355;-541;-447;183;132
7825075;139;105;71;176;-142;-188
7826076;-44;-54;582;639;-409;-431
7827078;-66;-52;760;743;-483;-475
7828079;87;116;540;465;-340;-307
7829075;349;384;50;-35;-62;-19
7830076;591;620;-453;-508;205;239
7831078;686;695;-717;-721;329;337
7832093;580;557;-608;-565;245;220
7833077;324;276;-183;-113;-8;-57
7834077;47;-1;337;407;-309;-356
7835077;-121;-139;692;731;-508;-527
7836078;-110;-85;706;690;-514;-495
7837080;64;113;378;307;-333;-287
7838078;312;353;-124;-215;-53;-8
7839080;512;522;-558;-616;192;214
7840078;564;546;-716;-707;277;269
7841080;435;406;-524;-457;145;114
7842160;179;150;-68;16;-149;-192
7843128;-85;-110;440;499;-461;-501
7844079;-231;-246;757;770;-629;-648
7845079;-189;-182;729;697;-573;-554
7846080;12;46;379;318;-330;-279
7847078;265;314;-108;-175;-25;30
7848080;446;477;-488;-533;195;220
7849078;469;458;-575;-572;219;199
7850080;319;272;-318;-261;30;-20
7851078;61;9;174;262;-273;-324
7852097;-177;-201;673;746;-528;-552
7853090;-269;-256;922;939;-591;-578
7854075;-163;-127;786;733;-424;-383
7855075;85;122;332;237;-112;-64
7856078;351;377;-201;-284;193;228
7857078;513;521;-546;-571;356;364
7858079;494;485;-541;-499;308;286
7859078;298;269;-205;-124;82;40
7860080;13;-29;286;358;-202;-245
7861078;-218;-254;686;718;-399;-421
7862080;-279;-283;788;772;-395;-381
7863078;-139;-102;522;468;-176;-131
7864091;132;191;-6;-81;154;210
7865075;406;450;-557;-626;441;477
7866076;545;546;-862;-895;552;549
7867078;467;428;-774;-744;445;406
7868078;206;153;-333;-245;180;129
7869079;-92;-130;248;351;-115;-151
7870078;-259;-265;691;747;-302;-309
7871080;-209;-182;775;749;-290;-270
7872078;13;56;454;362;-87;-50
7873080;278;316;-101;-202;198;236
7874090;458;472;-584;-637;414;439
7875090;483;468;-731;-711;453;450
7876075;351;319;-476;-399;294;260
7877076;120;87;30;117;13;-37
7878077;-110;-132;522;575;-260;-300
7879077;-236;-242;755;755;-395;-402
7880079;-189;-177;617;568;-311;-279
7881079;6;36;177;104;-33;20
7882075;246;285;-332;-399;298;346
7883076;408;432;-648;-678;504;522
7884078;415;407;-620;-594;480;457
7885092;270;230;-279;-206;246;194
7886078;45;0;194;277;-69;-121
7887079;-140;-163;575;620;-306;-329
7888075;-190;-177;680;663;-348;-332
7889076;-77;-39;446;380;-173;-129
7890078;135;171;-27;-106;137;186
7891078;329;345;-514;-569;435;466
7892075;410;403;-778;-788;567;569
7893076;349;328;-700;-664;468;441
7894078;176;153;-326;-260;195;149
7895092;-30;-51;164;234;-107;-152
7896078;-171;-184;541;583;-294;-312
7897075;-162;-160;615;607;-284;-265
7898075;12;37;331;271;-89;-43
7899076;285;330;-186;-274;201;248
7900076;530;573;-685;-757;449;473
7901077;633;643;-910;-924;524;516
7902077;547;514;-743;-686;384;349
7903078;315;259;-266;-168;102;57
7904078;54;12;276;360;-169;-204
7905080;-98;-101;607;629;-295;-301
7906091;-62;-29;550;500;-221;-195
7907077;146;191;133;43;1;47
7908077;426;458;-421;-503;263;302
7909079;641;652;-823;-857;434;446
7910078;688;680;-864;-835;421;401
7911080;545;522;-525;-451;215;174
7912078;284;249;13;97;-93;-137
7913080;43;8;473;527;-347;-375
7914078;-35;-48;620;615;-414;-412
7915080;99;126;380;317;-266;-231
7916093;379;438;-116;-206;9;60
7917077;651;705;-609;-678;266;305
7918077;772;780;-846;-856;383;386
7919079;683;637;-710;-654;306;272
7920078;434;369;-262;-172;65;16
7921080;143;103;290;367;-238;-276
7922078;-63;-59;692;721;-468;-481
7923080;-102;-73;755;730;-517;-506
7924078;34;60;454;390;-374;-346
7925080;269;283;-54;-129;-131;-96
7926152;467;479;-504;-557;70;96
7927076;514;523;-664;-668;117;119
7928076;377;368;-472;-421;-7;-36
7929078;127;87;-60;22;-227;-273
7930078;-116;-168;349;414;-419;-452
7931079;-244;-270;562;569;-481;-477
7932078;-206;-180;478;426;-378;-339
7933080;-19;40;122;47;-154;-107
7934078;236;286;-357;-416;90;116
7935080;448;456;-743;-767;244;242
7936079;519;492;-842;-831;233;213
7937091;422;391;-605;-564;61;35
7938078;219;201;-157;-94;-185;-210
7939079;22;16;276;338;-382;-404
7940080;-68;-73;495;521;-438;-444
7941078;-17;-17;418;386;-330;-311
7942080;142;159;107;31;-114;-72
7943078;329;362;-270;-341;107;148
7944080;457;486;-524;-543;226;239
7945079;468;467;-515;-475;181;155
7946075;348;311;-222;-152;-10;-58
7947090;132;84;226;287;-255;-293
7948079;-83;-111;595;623;-426;-434
7949079;-176;-169;663;651;-426;-405
7950075;-65;-30;366;314;-239;-202
7951076;206;251;-144;-221;60;98
7952078;486;521;-594;-663;333;360
7953078;615;623;-764;-779;446;453
7954075;537;512;-599;-542;350;330
7955076;318;272;-203;-108;99;55
7956078;86;47;226;296;-171;-218
7957088;-39;-46;479;482;-320;-339
7958079;5;33;419;363;-269;-244
7959079;197;242;60;-13;-42;13
7960075;433;467;-422;-476;246;297
7961076;590;596;-784;-804;451;465
7962078;588;569;-847;-834;469;443
7963078;432;401;-595;-553;296;250
7964079;195;166;-164;-103;28;-9
7965078;-11;-29;231;288;-195;-209
7966079;-89;-92;403;422;-263;-255
7967088;2;19;267;227;-151;-127
7968078;221;255;-122;-204;81;113
7969079;463;501;-586;-664;319;348
7970080;611;630;-895;-922;438;452
7971078;589;574;-885;-847;372;357
7972080;404;360;-548;-469;150;107
7973078;154;107;-50;25;-117;-166
7974080;-26;-46;345;382;-301;-325
7975078;-48;-29;430;412;-319;-301
7976075;86;128;163;101;-167;-120
7977075;299;336;-305;-382;78;122
7978091;486;497;-734;-787;288;305
7979075;559;546;-915;-919;350;336
7980075;474;452;-773;-725;230;198
7981076;252;228;-386;-312;-3;-35
7982077;-15;-41;55;116;-231;-253
7983078;-196;-220;344;363;-353;-358
7984078;-201;-206;350;321;-323;-311
7985080;-40;-10;80;22;-156;-129
7986079;191;243;-323;-381;78;112
7987080;375;413;-652;-685;272;298
7988078;434;427;-726;-719;326;329
7989093;342;297;-485;-436;212;184
7990079;136;88;-34;39;-10;-54
7991078;-87;-106;399;463;-229;-265
7992080;-207;-196;594;609;-344;-348
7993078;-161;-136;461;414;-307;-279
7994080;11;33;84;0;-138;-100
7995078;202;217;-342;-411;78;105
7996075;304;311;-615;-629;228;233
7997075;265;260;-599;-556;221;207
7998076;100;77;-282;-213;48;21
7999076;-123;-159;192;252;-199;-232
8000089;-306;-337;591;623;-389;-415
8001078;-358;-360;720;717;-427;-429
8002079;-243;-211;534;496;-302;-273
8003080;-17;31;140;78;-74;-28
8004078;204;239;-268;-328;157;193
8005080;306;304;-496;-521;289;293
8006079;229;195;-426;-396;247;220
8007080;11;-32;-84;-10;38;-2
8008078;-230;-258;356;433;-234;-269
8009080;-360;-361;665;699;-419;-434
8010089;-304;-281;680;650;-403;-390
8011079;-102;-66;390;315;-188;-149
8012079;132;164;-59;-134;110;160
8013075;289;303;-437;-473;339;371
8014076;313;303;-545;-528;387;381
8015078;207;180;-325;-269;244;201
8016079;15;-13;103;170;-13;-66
8017075;-183;-203;515;564;-262;-292
8018076;-298;-304;700;708;-379;-372
8019078;-269;-259;570;531;-306;-273
8020096;-107;-82;194;124;-90;-53
8021088;104;137;-245;-311;145;169
8022075;253;276;-538;-566;271;275
8023076;258;253;-540;-513;223;207
8024078;114;79;-241;-174;26;-4
8025079;-111;-157;222;295;-224;-260
8026075;-317;-345;631;676;-409;-433
8027076;-410;-405;792;790;-433;-429
8028078;-347;-317;628;581;-276;-241
8029079;-161;-127;215;145;-6;42
8030079;42;63;-250;-311;255;292
8031078;141;141;-535;-560;397;402
8032090;70;52;-492;-465;370;344
8033075;-139;-172;-141;-71;199;161
8034075;-391;-426;322;401;-29;-58
8035077;-567;-588;643;684;-198;-206
8036077;-583;-577;649;623;-211;-200
8037079;-429;-395;341;261;-56;-30
8038078;-176;-130;-128;-213;184;218
8039080;53;85;-528;-569;376;404
8040078;148;147;-658;-638;417;419
8041080;56;24;-442;-379;290;259
8042090;-183;-228;29;101;58;9
8043078;-449;-484;530;583;-176;-212
8044079;-597;-605;813;831;-308;-311
8045080;-541;-518;750;724;-269;-241
8046079;-322;-279;392;329;-67;-27
8047080;-76;-36;-61;-135;198;230
8048078;56;68;-375;-418;383;395
8049080;10;-14;-389;-369;385;374
8050078;-180;-226;-99;-23;212;180
8051080;-415;-453;353;438;-34;-74
8052091;-579;-588;749;794;-225;-251
8053077;-594;-573;899;882;-266;-261
8054077;-448;-414;732;672;-144;-109
8055078;-209;-180;337;271;73;118
8056079;7;24;-77;-119;274;300
8057080;104;107;-293;-299;354;348
8058078;41;28;-205;-175;271;239
8059080;-145;-173;125;179;56;19
8060078;-362;-396;512;570;-187;-213
8061080;-504;-525;761;791;-334;-341
8062146;-503;-494;756;737;-302;-289
8063078;-352;-315;496;435;-104;-73
8064079;-114;-70;87;17;160;200
8065080;102;128;-291;-334;361;390
8066079;193;188;-467;-465;405;403
8067080;114;85;-349;-308;275;240
8068078;-85;-121;11;71;30;-18
8069080;-294;-318;440;495;-222;-257
8070078;-399;-401;725;751;-364;-367
8071080;-344;-324;721;705;-318;-291
8072087;-149;-116;426;369;-97;-57
8073090;100;134;-14;-88;183;218
8074075;287;307;-378;-429;369;386
8075075;317;313;-480;-476;365;354
8076077;182;153;-269;-207;187;150
8077078;-41;-83;148;231;-64;-108
8078075;-244;-273;562;618;-262;-288
8079076;-332;-332;766;765;-307;-298
8080078;-267;-238;655;604;-167;-128
8081078;-68;-30;281;211;92;139
8082075;173;202;-163;-218;338;367
8083076;334;344;-438;-455;433;431
8084090;327;314;-386;-359;329;296
8085079;162;132;-32;30;85;41
8086080;-65;-100;437;511;-172;-206
8087075;-240;-262;784;829;-326;-334
8088076;-267;-263;833;820;-316;-297
8089078;-112;-79;549;480;-153;-119
8090078;170;219;55;-33;87;119
8091075;441;480;-410;-470;293;311
8092076;544;550;-608;-607;366;366
8093078;422;386;-445;-386;269;249
8094093;155;97;-22;59;47;12
8095077;-102;-145;430;490;-191;-227
8096078;-228;-227;683;691;-322;-338
8097078;-168;-129;611;568;-275;-258
8098078;50;98;246;177;-77;-33
8099080;330;360;-229;-292;166;211
8100078;527;531;-573;-605;334;351
8101080;535;520;-619;-604;351;330
8102078;367;342;-362;-305;209;168
8103080;146;116;55;126;-36;-71
8104185;0;-20;424;472;-279;-295
8105079;-9;-5;571;570;-404;-403
8106079;111;141;433;385;-350;-337
8107080;308;348;87;19;-148;-123
8108078;497;522;-293;-342;92;125
8109080;582;580;-523;-532;256;283
8110078;513;487;-501;-471;277;276
8111080;323;289;-251;-202;158;125
8112078;114;88;96;142;-35;-80
8113080;-12;-18;369;394;-205;-230
8114078;-6;7;431;425;-261;-250
8115091;120;145;244;207;-161;-125
8116075;307;333;-116;-172;53;91
8117076;471;488;-493;-545;266;286
8118077;539;541;-711;-733;354;350
8119077;489;474;-656;-632;264;241
8120079;350;326;-341;-277;49;15
8121078;191;168;93;165;-176;-206
8122080;82;71;442;483;-299;-311
8123078;74;82;534;522;-263;-248
8124080;187;210;315;257;-85;-47
8125090;378;406;-113;-187;157;197
8126079;547;569;-538;-591;352;373
8127079;598;600;-738;-744;404;396
8128080;500;477;-610;-567;281;250
8129078;305;266;-234;-163;38;-1
8130080;110;79;177;238;-213;-243
8131078;1;-3;401;417;-354;-362
8132080;19;41;317;277;-315;-297
8133078;159;192;-44;-119;-116;-79
8134080;364;389;-515;-586;143;182
8135093;526;536;-864;-895;330;352
8136078;536;529;-910;-888;346;338
8137079;361;336;-628;-564;177;139
8138080;84;44;-161;-87;-95;-143
8139078;-139;-177;250;299;-334;-366
8140080;-188;-195;397;396;-422;-419
8141078;-44;-6;201;149;-322;-287
8142075;221;283;-239;-319;-96;-51
8143076;491;536;-697;-763;124;152
8144078;655;655;-930;-945;210;206
8145132;645;609;-811;-764;103;70
8146075;473;432;-394;-309;-148;-192
8147076;234;212;123;201;-415;-449
8148078;61;59;502;534;-563;-572
8149079;46;55;564;537;-527;-507
8150075;192;209;284;219;-327;-287
8151076;426;453;-179;-250;-45;-5
8152078;639;670;-575;-618;195;219
8153078;731;748;-691;-685;283;282
8154075;654;638;-470;-415;177;151
8155159;438;391;-26;51;-68;-109
8156080;188;138;416;478;-329;-366
8157079;36;19;629;640;-470;-484
8158075;63;91;486;438;-418;-397
8159076;245;298;44;-40;-189;-142
8160078;474;515;-479;-558;108;157
8161077;632;634;-836;-867;335;358
8162078;647;619;-874;-844;393;380
8163078;524;492;-607;-538;278;241
8164079;328;311;-190;-123;67;29
8165130;158;154;161;192;-132;-149
8166080;109;111;275;261;-220;-214
8167079;213;221;101;54;-152;-131
8168080;419;442;-271;-327;36;62
8169078;625;660;-661;-705;245;269
8170080;737;761;-881;-898;360;373
8171078;706;696;-820;-799;321;312
8172080;544;500;-489;-433;142;109
8173078;325;277;-26;45;-92;-134
8174080;164;146;358;410;-273;-299
8175078;150;173;484;485;-306;-298
8176136;281;325;295;240;-157;-118
8177078;463;496;-111;-193;115;164
8178079;590;590;-529;-590;381;414
8179080;596;572;-747;-753;498;498
8180078;479;452;-658;-610;394;362
8181080;279;263;-315;-244;118;69
8182078;71;60;97;151;-184;-226
8183080;-55;-66;355;368;-359;-373
8184078;-32;-37;314;283;-325;-303
8185080;133;151;-10;-70;-115;-68
8186079;358;401;-457;-521;156;200
8187092;533;574;-807;-846;351;368
8188077;573;577;-896;-890;378;360
8189078;451;408;-675;-623;226;188
8190079;213;153;-232;-157;-29;-67
8191078;-25;-59;232;295;-264;-285
8192080;-135;-124;496;515;-360;-359
8193078;-56;-14;429;393;-272;-250
8194080;155;196;71;-1;-49;-14
8195078;372;389;-384;-457;191;225
8196075;481;474;-700;-731;328;343
8197089;441;421;-704;-676;296;280
8198078;273;253;-385;-312;105;65
8199079;49;28;96;175;-159;-203
8200080;-139;-159;493;537;-373;-397
8201078;-205;-217;598;584;-425;-415
8202080;-112;-100;355;292;-279;-242
8203078;102;141;-112;-192;-4;41
8204080;338;384;-576;-633;264;297
8205078;472;493;-804;-812;384;387
8206075;421;397;-672;-627;286;257
8207093;192;135;-233;-154;16;-31
8208078;-98;-152;296;373;-288;-334
8209079;-288;-303;634;669;-470;-487
8210075;-265;-235;595;566;-424;-401
8211076;-49;5;212;127;-165;-111
8212078;238;282;-299;-392;181;238
8213078;455;466;-677;-721;447;476
8214075;517;498;-742;-712;505;490
8215076;414;385;-465;-383;330;282
8216078;196;172;32;114;15;-38
8217092;-38;-55;516;559;-280;-313
8218078;-170;-182;750;745;-414;-412
8219079;-121;-119;622;581;-329;-298
8220075;86;115;213;152;-81;-37
8221076;333;381;-255;-315;205;241
8222078;485;519;-550;-584;396;410
8223078;462;450;-537;-521;393;380
8224075;271;214;-223;-157;190;153
8225076;-11;-74;253;338;-117;-165
8226077;-263;-289;681;738;-373;-408
8227077;-361;-340;857;854;-448;-449
8228090;-258;-215;691;633;-320;-282
8229075;-24;10;267;187;-67;-13
8230075;200;212;-192;-252;183;220
8231077;299;293;-454;-466;322;321
8232077;234;218;-397;-359;284;253
8233078;42;21;-63;2;81;42
8234078;-200;-227;380;442;-195;-223
8235080;-400;-427;710;740;-403;-416
8236079;-465;-476;750;734;-430;-426
8237080;-348;-327;460;403;-259;-235
8238078;-97;-48;-22;-99;19;61
8239091;152;201;-453;-512;270;311
8240078;248;260;-610;-617;376;388
8241079;122;82;-410;-353;282;251
8242080;-159;-229;61;153;23;-33
8243078;-441;-491;588;665;-275;-325
8244080;-574;-569;916;938;-459;-471
8245078;-502;-453;874;831;-425;-393
8246075;-285;-231;467;384;-185;-131
8247075;-44;-22;-96;-179;131;176
8248076;104;91;-521;-563;354;369
8249089;100;75;-582;-563;371;352
8250078;-50;-65;-255;-182;189;149
8251078;-279;-289;280;373;-75;-116
8252080;-485;-504;758;820;-283;-304
8253078;-572;-594;953;951;-340;-332
8254080;-489;-489;787;725;-228;-197
8255078;-264;-225;350;266;3;40
8256075;-8;51;-132;-193;248;275
8257075;141;176;-418;-429;387;395
8258077;107;82;-361;-323;350;335
8259091;-85;-153;5;73;158;124
8260077;-329;-386;496;564;-89;-127
8261077;-507;-510;869;908;-275;-298
8262078;-542;-500;949;939;-313;-307
8263080;-416;-372;698;642;-185;-151
8264079;-178;-163;231;152;49;92
8265080;57;53;-234;-297;267;295
8266079;167;169;-470;-485;345;343
8267080;96;104;-343;-299;232;200
8268078;-100;-111;95;179;-14;-59
8269121;-312;-354;622;704;-264;-299
8270077;-444;-486;965;999;-381;-386
8271078;-434;-435;946;912;-295;-266
8272079;-268;-217;573;487;-40;8
8273079;-1;67;36;-52;263;307
8274075;231;266;-381;-425;469;487
8275076;280;257;-462;-438;474;457
8276078;93;31;-164;-87;270;227
8277079;-229;-287;353;440;-43;-92
8278075;-511;-532;824;878;-304;-335
8279076;-610;-591;1020;1016;-380;-376
8280092;-493;-456;854;799;-232;-194
8281078;-237;-203;413;336;61;115
8282079;29;50;-78;-140;353;393
8283075;181;188;-367;-388;497;502
8284076;146;137;-310;-278;428;396
8285078;-57;-86;53;125;180;130
8286079;-330;-373;534;611;-123;-165
8287075;-542;-577;890;930;-336;-351
8288076;-600;-602;945;925;-355;-339
8289078;-482;-445;664;595;-169;-131
8290088;-244;-190;171;88;127;171
8291093;-1;33;-303;-359;377;407
8292079;115;112;-533;-537;441;441
8293078;38;3;-413;-367;283;247
8294079;-192;-236;-14;58;-18;-74
8295078;-451;-481;459;524;-317;-363
8296075;-617;-622;769;796;-471;-479
8297075;-628;-613;759;734;-415;-382
8298077;-485;-459;440;373;-191;-138
8299077;-240;-212;-21;-97;78;116
8300078;0;25;-387;-431;260;266
8301078;112;126;-474;-461;284;262
8302091;30;18;-247;-183;154;123
8303078;-202;-245;176;254;-67;-91
8304079;-452;-504;588;637;-280;-294
8305080;-580;-602;782;781;-377;-384
8306079;-514;-485;657;611;-305;-298
8307080;-279;-216;268;201;-94;-65
8308078;13;67;-196;-255;157;200
8309080;212;221;-504;-531;333;365
8310078;208;173;-490;-471;343;337
8311080;19;-29;-158;-95;168;122
8312091;-228;-260;320;401;-118;-177
8313078;-396;-397;701;754;-375;-409
8314079;-411;-391;794;785;-471;-461
8315080;-284;-259;552;483;-362;-318
8316079;-75;-56;93;4;-109;-62
8317080;123;138;-353;-411;159;185
8318078;207;216;-554;-550;307;306
8319080;120;113;-400;-342;260;239
8320078;-95;-128;19;97;47;15
8321080;-329;-375;477;535;-215;-248
8322144;-471;-498;742;754;-387;-408
8323077;-462;-446;694;659;-381;-375
8324078;-305;-255;360;296;-211;-174
8325079;-59;-11;-104;-167;21;69
8326079;162;180;-484;-522;193;220
8327080;245;229;-607;-604;223;209
8328078;150;118;-425;-382;104;61
8329080;-41;-68;-43;23;-107;-149
8330078;-200;-211;343;399;-318;-333
8331080;-243;-237;538;552;-416;-405
8332078;-163;-145;439;400;-327;-303
8333089;2;25;77;5;-75;-46
8334075;208;230;-390;-459;215;246
8335075;382;399;-747;-780;398;423
8336077;435;440;-822;-805;399;399
8337077;328;312;-587;-531;247;212
8338079;115;78;-178;-111;32;-17
8339079;-83;-122;184;228;-142;-171
8340075;-164;-176;320;319;-196;-184
8341076;-87;-57;168;121;-89;-47
8342078;119;171;-202;-269;141;183
8343090;369;410;-617;-672;383;403
8344079;540;546;-866;-882;502;497
8345079;533;507;-797;-766;433;411
8346075;345;306;-419;-351;221;191
8347076;93;61;88;166;-23;-53
8348078;-66;-78;474;522;-200;-220
8349079;-51;-37;548;537;-250;-249
8350075;113;147;284;216;-157;-134
8351076;344;381;-179;-267;37;72
8352078;547;569;-612;-669;236;265
8353089;643;641;-806;-801;321;328
8354079;584;562;-668;-611;233;209
8355079;391;361;-273;-199;7;-36
8356075;173;145;171;224;-235;-275
8357075;63;51;427;438;-364;-374
8358076;119;134;360;327;-305;-278
8359075;292;330;8;-53;-83;-33
8360077;490;528;-439;-505;190;232
8361077;636;649;-756;-792;371;384
8362079;672;656;-789;-774;372;350
8363093;571;541;-534;-472;201;161
8364077;370;344;-130;-56;-43;-79
8365078;183;169;211;254;-234;-249
8366080;130;130;312;299;-279;-269
8367078;242;260;113;53;-150;-122
8368080;441;474;-299;-371;97;132
8369078;624;655;-735;-785;348;378
8370080;718;727;-985;-994;468;480
8371078;686;665;-922;-891;387;369
8372080;523;486;-568;-509;144;98
8373090;291;258;-91;-25;-138;-188
8374078;119;104;276;321;-321;-344
8375079;119;130;361;359;-322;-301
8376075;298;332;134;79;-144;-94
8377075;552;594;-281;-362;126;173
8378077;750;777;-679;-738;354;372
8379077;811;806;-862;-864;419;404
8380078;710;676;-733;-679;288;254
8381078;474;432;-352;-276;39;3
8382080;197;166;84;140;-192;-215
8383088;14;4;342;354;-289;-292
8384078;24;36;282;246;-212;-192
8385079;215;248;-68;-133;-5;30
8386080;483;524;-528;-593;226;262
8387078;701;730;-869;-904;367;382
8388080;776;776;-927;-915;340;324
8389078;677;646;-686;-629;149;108
8390080;452;407;-273;-201;-121;-166
8391078;224;191;103;152;-345;-370
8392080;125;124;257;257;-415;-407
8393078;210;240;112;63;-303;-270
8394088;417;461;-253;-323;-73;-33
8395078;631;662;-638;-690;161;188
8396079;750;750;-820;-826;289;292
8397080;715;689;-682;-638;253;234
8398078;528;494;-280;-205;78;47
8399080;269;241;192;260;-144;-174
8400078;75;59;503;531;-308;-324
8401080;46;49;507;480;-331;-325
8402078;176;200;214;147;-193;-166
8403080;370;407;-228;-299;45;83
8404089;532;559;-618;-657;277;309
8405079;603;602;-790;-784;391;399
8406080;557;531;-673;-632;332;310
8407075;399;366;-323;-268;132;91
8408076;199;178;88;137;-108;-146
8409078;81;77;349;374;-271;-284
8410078;128;142;321;305;-273;-256
8411075;304;333;23;-32;-120;-83
8412076;485;516;-377;-449;93;128
8413078;565;577;-670;-714;238;251
8414092;526;508;-707;-690;225;209
8415078;409;373;-465;-395;53;16
8416079;257;230;-53;25;-193;-233
8417075;107;103;335;378;-391;-412
8418076;12;23;517;507;-439;-432
8419078;28;35;415;368;-316;-284
8420078;155;159;101;49;-81;-41
8421075;330;344;-241;-276;144;172
8422076;462;488;-432;-440;245;247
8423076;490;507;-374;-353;174;150
8424076;402;387;-94;-49;-26;-64
8425090;245;201;278;332;-253;-285
8426079;102;63;564;602;-394;-404
8427079;54;54;611;608;-380;-363
8428080;132;172;375;324;-218;-184
8429078;295;342;-41;-118;15;49
8430080;450;468;-443;-504;208;227
8431078;505;485;-639;-647;268;265
8432080;410;374;-537;-488;173;148
8433078;197;169;-188;-114;-34;-68
8434080;-30;-42;236;294;-262;-292
8435078;-150;-153;520;535;-411;-423
8436089;-108;-102;512;483;-404;-393
8437079;59;78;210;153;-236;-205
8438079;261;294;-223;-284;15;55
8439080;416;443;-550;-588;218;246
8440078;460;462;-585;-577;257;255
8441080;355;325;-289;-229;112;76
8442078;114;67;200;287;-131;-182
8443080;-155;-194;645;712;-334;-366
8444078;-298;-308;825;829;-389;-380
8445080;-230;-204;651;588;-265;-221
8446079;-12;36;225;133;-10;38
8447093;205;245;-209;-273;255;282
8448077;303;305;-414;-413;400;397
8449078;246;211;-287;-227;350;326
8450079;71;26;88;165;136;103
8451078;-148;-173;508;559;-127;-158
8452080;-305;-303;759;762;-304;-323
8453078;-302;-284;719;683;-312;-307
8454080;-126;-104;408;355;-162;-131
8455078;116;141;-24;-75;59;102
8456075;279;302;-372;-407;239;266
